<?xml version="1.0" encoding="UTF-8" standalone="no" ?>
<SimscapeMultibodyImportXML version="2.0" xmlns="urn:mathworks:SimscapeMultibody:import" xmlns:xsi="http://www.w3.org/2001/XMLSchema-instance">
<Created by="" on="10/28/23||14:40:32" using="Simscape Multibody Link Version 7.2" from="SolidWorks 30.2.0"/>
<ModelUnits mass="kilogram" length="millimeter"/>
<DataUnits mass="kilogram" length="meter"/>
<RootAssembly name="Ensamblaje_Sim_v6" uid="Ensamblaje_Sim_v6" version="1795">
<AssemblyFile name="Ensamblaje_Sim_v6.SLDASM" type="SolidWorks Assembly"/>
<InstanceTree>
<Instance name="Pieza Correa-55" uid="Pieza Correa-55" entityUid="Pieza Correa*:*Default">
<Transform>
<Rotation>-3.8968947913625913e-14 -1 -3.8037064817308952e-15 0.99999906162064167 -3.8908726210342904e-14 0.0013699481144767976 -0.0013699481144767971 -3.7504179449532327e-15 0.99999906162064156</Rotation>
<Translation>-0.089803632869042166 -0.029646688527401602 0.092190700934898562</Translation>
</Transform>
</Instance>
<Instance name="Pieza Correa-52" uid="Pieza Correa-52" entityUid="Pieza Correa*:*Default">
<Transform>
<Rotation>-0.70710678118656645 -0.7071067811865287 -3.8027849098842825e-15 0.70710611765212084 -0.70710611765215892 0.0013699481144767984 -0.00096869960162293176 0.00096869960161760508 0.99999906162064145</Rotation>
<Translation>-0.1122523514839619 0.024549261554222112 0.092116455225601274</Translation>
</Transform>
</Instance>
<Instance name="Pieza Correa-56" uid="Pieza Correa-56" entityUid="Pieza Correa*:*Default">
<Transform>
<Rotation>0.25881904510248377 -0.9659258262890783 -3.8037064817308952e-15 0.96592491988422124 0.2588188022320343 0.0013699481144767976 -0.0013232682644481804 -0.00035456866283250702 0.99999906162064156</Rotation>
<Translation>-0.092415238357114307 -0.04948378303950951 0.092217876750623054</Translation>
</Transform>
</Instance>
<Instance name="Pieza Correa-57" uid="Pieza Correa-57" entityUid="Pieza Correa*:*Default">
<Transform>
<Rotation>0.49999999999996719 -0.86602540378445747 -3.8041401625998894e-15 0.8660245911240948 0.49999953081028792 0.0013699481144767963 -0.001186409869001622 -0.00068497405724164781 0.99999906162064145</Rotation>
<Translation>-0.10007207822320227 -0.067969012342966137 0.09224320057941679</Translation>
</Transform>
</Instance>
<Instance name="Pieza Correa-58" uid="Pieza Correa-58" entityUid="Pieza Correa*:*Default">
<Transform>
<Rotation>0.70710678118652115 -0.70710678118657377 -3.8040859524912651e-15 0.70710611765216624 0.7071061176521134 0.0013699481144767963 -0.00096869960161761353 -0.00096869960162292114 0.99999906162064145</Rotation>
<Translation>-0.11225235148395832 -0.083842638609026715 0.092264946644195947</Translation>
</Transform>
</Instance>
<Instance name="Pieza Correa-1" uid="Pieza Correa-1" grounded="true" entityUid="Pieza Correa*:*Default">
<Transform>
<Rotation>-1 2.8529955193607009e-14 -3.8028602958165882e-15 -2.8535476118674548e-14 -0.99999906162064167 0.0013699481144767982 -3.7637705723337495e-15 0.001369948114476798 0.99999906162064145</Rotation>
<Translation>-0.16644835242199538 0.046997959103724632 0.0920857016458623</Translation>
</Transform>
</Instance>
<Instance name="Pieza Correa-59" uid="Pieza Correa-59" entityUid="Pieza Correa*:*Default">
<Transform>
<Rotation>0.86602540378442039 -0.50000000000003175 -3.8040859524912651e-15 0.49999953081035264 0.86602459112405739 0.0013699481144767965 -0.00068497405723514716 -0.0011864098690053749 0.99999906162064145</Rotation>
<Translation>-0.12812599264551519 -0.096022900440066922 0.092281632986583373</Translation>
</Transform>
</Instance>
<Instance name="Pieza Correa-60" uid="Pieza Correa-60" entityUid="Pieza Correa*:*Default">
<Transform>
<Rotation>0.96592582628905899 -0.2588190451025556 -3.8040317423826409e-15 0.25881880223210618 0.96592491988420159 0.0013699481144767967 -0.0003545686628252562 -0.0013232682644501222 0.99999906162064145</Rotation>
<Translation>-0.14661123929514513 -0.10367973312113578 0.092292122459920412</Translation>
</Transform>
</Instance>
<Instance name="Pieza Correa-61" uid="Pieza Correa-61" entityUid="Pieza Correa*:*Default">
<Transform>
<Rotation>1 -3.5388455948138885e-14 -3.8040317423826409e-15 3.5467032481503257e-14 0.99999906162064145 0.0013699481144767967 3.7560557962501573e-15 -0.0013699481144767963 0.99999906162064145</Rotation>
<Translation>-0.16644835242199035 -0.1062913361585327 0.09229570022393481</Translation>
</Transform>
</Instance>
<Instance name="Pieza Correa-62" uid="Pieza Correa-62" entityUid="Pieza Correa*:*Default">
<Transform>
<Rotation>0.99612970641235743 0.087895437895437689 -3.7948160239165141e-15 -0.087895355416173229 0.99612877166480263 0.0013699481144767984 0.0001204121894197476 -0.0013646460130736018 0.99999906162064156</Rotation>
<Translation>-0.1870274869161859 -0.10538517743812831 0.092294458832338958</Translation>
</Transform>
</Instance>
<Instance name="Poleas centrales-2" uid="Poleas centrales-2" entityUid="Poleas centrales" rigid="true">
<Transform>
<Rotation>1 0 0 0 1 0 0 0 1</Rotation>
<Translation>0 0 0</Translation>
</Transform>
<Instance name="Polea Central Parte 2 v1-1" uid="Polea Central Parte 2 v1-1" entityUid="Polea Central Parte 2 v1*:*Default">
<Transform>
<Rotation>-0.92727156557459001 -0.37438942783797824 -3.7250476141170719e-15 0.3743890765186671 -0.92727069544209328 0.0013699481144767301 -0.0005128940907501142 0.0012703139328654007 0.99999906162064145</Rotation>
<Translation>-0.31872500000000087 0.0071880204886993803 0.092110504194836337</Translation>
</Transform>
</Instance>
<Instance name="Polea Central Parte 1 v1-1" uid="Polea Central Parte 1 v1-1" entityUid="Polea Central Parte 1 v1*:*Default">
<Transform>
<Rotation>-0.87781302573175113 -0.47900343616269403 -4.0921042596120394e-15 0.47900298667575691 -0.87781220201012722 0.0013699481144742625 -0.00065620985420136745 0.0012025582994601995 0.99999906162064156</Rotation>
<Translation>-0.31872500000000087 0.0071881019595812804 0.092169974188317128</Translation>
</Transform>
</Instance>
<Instance name="Polea Central Parte 1 v1-2" uid="Polea Central Parte 1 v1-2" entityUid="Polea Central Parte 1 v1*:*Default">
<Transform>
<Rotation>0.99986996535310391 -0.016126139797947199 -3.7331384728292449e-15 0.016126124665510486 0.99986902709576719 0.0013699481144767219 -2.2091974806253166e-05 -0.0013697699737574504 0.99999906162064145</Rotation>
<Translation>-0.31872499999999782 -0.06693548274846442 0.092271519748714309</Translation>
</Transform>
</Instance>
<Instance name="Polea Central Parte 2 v1-2" uid="Polea Central Parte 2 v1-2" entityUid="Polea Central Parte 2 v1*:*Default">
<Transform>
<Rotation>0.81450600874866819 -0.58015511866423675 -3.7223775545090895e-15 0.58015457425864858 0.81450524443304217 0.0013699481144767431 -0.00079478241091507026 -0.0011158309709173751 0.99999906162064178</Rotation>
<Translation>-0.31872499999999782 -0.066935564219346294 0.092212049755233561</Translation>
</Transform>
</Instance>
</Instance>
<Instance name="Pieza Correa-50" uid="Pieza Correa-50" entityUid="Pieza Correa*:*Default">
<Transform>
<Rotation>-0.96592582628907553 -0.25881904510249387 -3.8028391199929068e-15 0.25881880223204429 -0.96592491988421847 0.0013699481144767982 -0.00035456866283252014 0.0013232682644481776 0.99999906162064145</Rotation>
<Translation>-0.14661123929515002 0.044386356066328972 0.09208927940987631</Translation>
</Transform>
</Instance>
<Instance name="Ejes y chapas-1" uid="Ejes y chapas-1" entityUid="Ejes y chapas" rigid="true">
<Transform>
<Rotation>1 0 0 0 1 0 0 0 1</Rotation>
<Translation>0 -3.5618650976940169e-06 -0.002599997560213676</Translation>
</Transform>
<Instance name="Separador Central v1-2" uid="Separador Central v1-2" entityUid="Separador Central v1*:*Default">
<Transform>
<Rotation>-1 3.9548822591036063e-14 -3.7278066742795577e-15 -3.9727191440723037e-14 -0.99999906162064156 0.0013699481144767247 -3.6735655269278793e-15 0.0013699481144767234 0.99999906162064156</Rotation>
<Translation>-0.31872499999999782 -0.066931961618807684 0.094841782312187622</Translation>
</Transform>
</Instance>
<Instance name="Parte fija tensado v6-2" uid="Parte fija tensado v6-2" entityUid="Parte fija tensado v6*:*Default">
<Transform>
<Rotation>1 3.9329222260433097e-14 3.8194816233405593e-15 3.9391818107731753e-14 -0.99999906162064178 -0.001369948114476337 3.7653799349335326e-15 0.001369948114476337 -0.99999906162064167</Rotation>
<Translation>-0.46344999999999908 -0.029933529365085143 0.048541052932032848</Translation>
</Transform>
</Instance>
<Instance name="Parte movil tensado v5-2" uid="Parte movil tensado v5-2" entityUid="Parte movil tensado v5*:*Default">
<Transform>
<Rotation>1 -4.0161674382533361e-14 -3.8245773735512412e-15 4.0168977434430139e-14 0.99999906162064156 0.001369948114476801 3.7696083234062261e-15 -0.0013699481144768013 0.99999906162064167</Rotation>
<Translation>-0.46679999999999844 -0.029811261495866832 0.13779096918167605</Translation>
</Transform>
</Instance>
<Instance name="Panel exterior v3-1" uid="Panel exterior v3-1" entityUid="Panel exterior v3*:*Predeterminado">
<Transform>
<Rotation>-1.0000000000000002 -3.9162451002239381e-14 3.8341725627777379e-15 -3.92253576841599e-14 0.99999906162064156 -0.0013699481144766889 -3.7805587653483297e-15 -0.0013699481144766889 -0.99999906162064167</Rotation>
<Translation>-0.1664999999999994 -0.029811261495855119 0.13779096918167719</Translation>
</Transform>
</Instance>
<Instance name="Eje Central v1-2" uid="Eje Central v1-2" entityUid="Eje Central v1*:*Default">
<Transform>
<Rotation>3.8018633380376698e-15 -3.9551290476401533e-14 1 -0.0013699481144763184 0.99999906162064178 3.9724887059909774e-14 -0.99999906162064167 -0.0013699481144763186 3.7472195485444004e-15</Rotation>
<Translation>-0.31872499999999776 -0.066934187784493726 0.09321678383705316</Translation>
</Transform>
</Instance>
<Instance name="Panel interior v5-1" uid="Panel interior v5-1" entityUid="Panel interior v5*:*Predeterminado">
<Transform>
<Rotation>-1 3.9551280206127047e-14 -3.8118379980245365e-15 -3.9558353923853356e-14 -0.99999906162064167 0.0013699481144763344 -3.7576278894002613e-15 0.0013699481144763346 0.99999906162064167</Rotation>
<Translation>-0.16649999999999918 -0.029933529365073354 0.048541052932033965</Translation>
</Transform>
</Instance>
<Instance name="Eje v6-1" uid="Eje v6-1" entityUid="Eje v6*:*Default">
<Transform>
<Rotation>1 -3.9440251445038309e-14 -3.8067422478138546e-15 3.9447333229429951e-14 0.99999906162064167 0.0013699481144763643 3.7525863492982037e-15 -0.0013699481144763645 0.99999906162064167</Rotation>
<Translation>-0.16649999999999915 -0.029947228846218116 0.038541062315827532</Translation>
</Transform>
</Instance>
<Instance name="Chaveta 5x5x20-1" uid="Chaveta 5x5x20-1" entityUid="Chaveta 5x5x20*:*Default">
<Transform>
<Rotation>3.6735480109240096e-15 -3.8763936082478975e-14 1 -0.0013699481144764027 0.99999906162064156 3.8768932277372505e-14 -0.99999906162064156 -0.0013699481144764027 3.6204399825965082e-15</Rotation>
<Translation>-0.1664999999999992 -0.025502030993504288 -0.0014650649155132848</Translation>
</Transform>
</Instance>
<Instance name="RMD-X8-S2-V3_Body-1" uid="RMD-X8-S2-V3_Body-1" entityUid="RMD-X8-S2-V3_Body*:*Predeterminado">
<Transform>
<Rotation>-0.95105651629516674 0.30901699437490709 3.8653433752366961e-15 0.30901670439973816 0.95105562384336328 -0.0013699481144762639 -0.00042333724878870245 -0.0013028980812577358 -0.99999906162064167</Rotation>
<Translation>-0.16649999999999915 -0.029862771544960812 0.10019100446474005</Translation>
</Transform>
</Instance>
<Instance name="Soporte Rodamiento v3-1" uid="Soporte Rodamiento v3-1" entityUid="Soporte Rodamiento v3*:*Predeterminado">
<Transform>
<Rotation>3.8075553994432187e-15 0.30901699437490698 0.95105651629516685 -0.001369948114476303 0.95105562384336306 -0.30901670439973805 -0.99999906162064156 -0.0013028980812577883 0.00042333724878865952</Rotation>
<Translation>-0.16649999999999895 -0.029930789468844574 0.05054105105527526</Translation>
</Transform>
</Instance>
<Instance name="Rodamiento61818-2RS1-1" uid="Rodamiento61818-2RS1-1" entityUid="Rodamiento61818-2RS1*:*Default">
<Transform>
<Rotation>0.95105651629516663 0.30901699437490698 -3.810753795852051e-15 -0.30901670439973805 0.95105562384336306 0.001369948114476296 0.00042333724878866028 -0.0013028980812577809 0.99999906162064145</Rotation>
<Translation>-0.16649999999999898 -0.029916062526613954 0.061291040967697157</Translation>
</Transform>
</Instance>
<Instance name="RodamientoKFL08-1" uid="RodamientoKFL08-1" entityUid="RodamientoKFL08*:*Default">
<Transform>
<Rotation>0.99999999999999989 -3.3833355390687568e-14 -3.8944542035679319e-15 3.406283074434362e-14 0.99999906162064167 0.0013699481144766644 3.8479961404769281e-15 -0.0013699481144766638 0.99999906162064167</Rotation>
<Translation>-0.1664999999999994 -0.02981126149585488 0.13779096918167583</Translation>
</Transform>
</Instance>
<Instance name="Eje Central v1-1" uid="Eje Central v1-1" entityUid="Eje Central v1*:*Default">
<Transform>
<Rotation>3.8018633380376698e-15 -3.9551290476401533e-14 1 -0.0013699481144763184 0.99999906162064178 3.9724887059909774e-14 -0.99999906162064167 -0.0013699481144763186 3.7472195485444004e-15</Rotation>
<Translation>-0.31872500000000081 0.0071893969235519439 0.093115238276655909</Translation>
</Transform>
</Instance>
<Instance name="Separador Central v1-1" uid="Separador Central v1-1" entityUid="Separador Central v1*:*Default">
<Transform>
<Rotation>0.99999999999999989 -3.9719868711854461e-14 -3.7276404074621468e-15 3.9724938113497181e-14 0.99999906162064156 0.0013699481144767215 3.6732227502722647e-15 -0.0013699481144767217 0.99999906162064145</Rotation>
<Translation>-0.31872500000000087 0.0071916230892379697 0.094740236751790413</Translation>
</Transform>
</Instance>
<Instance name="Parte fija tensado v6-1" uid="Parte fija tensado v6-1" entityUid="Parte fija tensado v6*:*Default">
<Transform>
<Rotation>1 -3.9053610181119802e-14 -3.8341179929452686e-15 3.9058826076733248e-14 0.99999906162064156 0.0013699481144766911 3.7806129754569532e-15 -0.0013699481144766911 0.99999906162064156</Rotation>
<Translation>-0.46344999999999936 -0.029811261495866742 0.1377909691816761</Translation>
</Transform>
</Instance>
<Instance name="Parte movil tensado v5-1" uid="Parte movil tensado v5-1" entityUid="Parte movil tensado v5*:*Default">
<Transform>
<Rotation>1 -3.9217976129514269e-14 -3.8208368760561662e-15 3.9280798789736887e-14 0.99999906162064156 0.0013699481144768186 3.7671688685181337e-15 -0.0013699481144768186 0.99999906162064156</Rotation>
<Translation>-0.46679999999999899 -0.029953393612745294 0.03404106653853315</Translation>
</Transform>
</Instance>
<Instance name="Esparrago M6x60-2" uid="Esparrago M6x60-2" entityUid="Esparrago M6x60*:*Default">
<Transform>
<Rotation>1 -3.8662987648737279e-14 -3.833793092017368e-15 3.8781199341862963e-14 0.99999906162064167 0.0013699481144765669 3.7808298158914511e-15 -0.0013699481144765666 0.99999906162064167</Rotation>
<Translation>-0.43179999999999902 -0.029943461488913949 0.041291059735283291</Translation>
</Transform>
</Instance>
<Instance name="Reductora_NMRV030_reducer_Rotor-1" uid="Reductora_NMRV030_reducer_Rotor-1" entityUid="Reductora_NMRV030_reducer_Rotor*:*Predeterminado">
<Transform>
<Rotation>-3.4374087777566675e-15 1.0000000000000002 -3.8940334293634715e-14 0.0013699481144768763 3.9003213817561363e-14 0.99999906162064167 0.99999906162064156 3.384120240979005e-15 -0.0013699481144768763</Rotation>
<Translation>-0.16649999999999884 -0.029998190916076833 0.0013410972235405735</Translation>
</Transform>
</Instance>
<Instance name="Eje Polea Pasiva v5-1" uid="Eje Polea Pasiva v5-1" entityUid="Eje Polea Pasiva v5*:*Default">
<Transform>
<Rotation>-3.7879313401212311e-15 -3.9717812283392281e-14 -1 0.0013699481144763344 0.99999906162064167 -3.9780395769303863e-14 0.99999906162064167 -0.0013699481144763351 -3.7334501809538345e-15</Rotation>
<Translation>-0.46679999999999922 -0.029872395430476827 0.093166011056854875</Translation>
</Transform>
</Instance>
<Instance name="Esparrago M6x60-1" uid="Esparrago M6x60-1" entityUid="Esparrago M6x60*:*Default">
<Transform>
<Rotation>1 -3.8718505046836523e-14 -3.8347146638639806e-15 3.8781199752144547e-14 0.99999906162064145 0.0013699481144765532 3.7816971776294395e-15 -0.001369948114476553 0.99999906162064145</Rotation>
<Translation>-0.43179999999999846 -0.029801329372035546 0.14504096237842587</Translation>
</Transform>
</Instance>
</Instance>
<Instance name="Pieza Correa-53" uid="Pieza Correa-53" entityUid="Pieza Correa*:*Default">
<Transform>
<Rotation>-0.50000000000002276 -0.8660254037844255 -3.8037064817308952e-15 0.86602459112406271 -0.49999953081034354 0.0013699481144767976 -0.0011864098690053827 0.00068497405723513577 0.99999906162064156</Rotation>
<Translation>-0.10007207822320485 0.008675635288162311 0.092138201290380459</Translation>
</Transform>
</Instance>
<Instance name="Reductora-1" uid="Reductora-1" grounded="true" entityUid="Reductora" rigid="true">
<Transform>
<Rotation>1 0 0 0 1 0 0 0 1</Rotation>
<Translation>0 0 0</Translation>
</Transform>
<Instance name="Motor 57HS112-1" uid="Motor 57HS112-1" grounded="true" entityUid="Motor 57HS112*:*Default">
<Transform>
<Rotation>3.8406294727274467e-14 -1 3.4914813388432556e-15 -1 -3.840629472727453e-14 -1.7457406694215531e-14 1.7457406694215667e-14 -3.4914813388425851e-15 -1</Rotation>
<Translation>0 0 0</Translation>
</Transform>
</Instance>
<Instance name="Reductora_NMRV030_reducer_Body-1" uid="Reductora_NMRV030_reducer_Body-1" entityUid="Reductora_NMRV030_reducer_Body*:*Predeterminado">
<Transform>
<Rotation>-3.5009905094717066e-15 1 -3.8713026854475343e-14 0.0013699481144769929 3.8717786702317291e-14 0.99999906162064156 0.99999906162064156 3.4479523860694926e-15 -0.0013699481144769929</Rotation>
<Translation>-0.16649999999999884 -0.02999997184862566 4.1098443433730238e-05</Translation>
</Transform>
</Instance>
<Instance name="UnionMotorReductora-1" uid="UnionMotorReductora-1" entityUid="UnionMotorReductora*:*Default">
<Transform>
<Rotation>1 -3.8503199658648664e-14 -3.475903241480115e-15 3.8507925335132642e-14 0.99999906162064167 0.0013699481144770008 3.4231525939905641e-15 -0.0013699481144770008 0.99999906162064167</Rotation>
<Translation>-0.12550000000000003 -3.2215832609552886e-05 -3.2171728775299413e-05</Translation>
</Transform>
</Instance>
</Instance>
<Instance name="Polea pasiva Oruga v9-1" uid="Polea pasiva Oruga v9-1" entityUid="Polea pasiva Oruga v9*:*Ranuras">
<Transform>
<Rotation>-3.9539009133941056e-14 3.7786614115464801e-15 -1.0000000000000002 0.99999906162064178 -0.0013699481144762657 -3.9567370880744453e-14 -0.0013699481144762652 -0.99999906162064156 -3.7245597231394534e-15</Rotation>
<Translation>-0.46679999999999927 -0.029873731129888399 0.092191011971774858</Translation>
</Transform>
</Instance>
<Instance name="Pieza Correa-51" uid="Pieza Correa-51" entityUid="Pieza Correa*:*Default">
<Transform>
<Rotation>-0.86602540378445225 -0.49999999999997635 -3.8028391199929068e-15 0.49999953081029708 -0.86602459112408969 0.0013699481144767984 -0.00068497405724166007 0.0011864098690016166 0.99999906162064145</Rotation>
<Translation>-0.12812599264551955 0.036729523385261309 0.092099768883213889</Translation>
</Transform>
</Instance>
<Instance name="Pieza Correa-54" uid="Pieza Correa-54" entityUid="Pieza Correa*:*Default">
<Transform>
<Rotation>-0.2588190451025455 -0.96592582628906165 -3.8037064817308952e-15 0.96592491988420448 -0.25881880223209597 0.0013699481144767976 -0.0013232682644501268 0.00035456866282524319 0.99999906162064156</Rotation>
<Translation>-0.092415238357115709 -0.0098095940152938318 0.092163525119173667</Translation>
</Transform>
</Instance>
<Instance name="Polea activa-1" uid="Polea activa-1" entityUid="Polea activa" rigid="true">
<Transform>
<Rotation>5.199658256950618e-16 -0.99999906162064145 0.0013699481144730697 0.99999906162064156 1.8767578368699184e-06 0.0013699468289494103 -0.0013699481144804444 0.0013699468289420365 0.99999812324216386</Rotation>
<Translation>-0.19650000000000512 0.13649631004611357 -0.002786995477840803</Translation>
</Transform>
<Instance name="SoporteGiroCorreaV13-1" uid="SoporteGiroCorreaV13-1" entityUid="SoporteGiroCorreaV13*:*Predeterminado">
<Transform>
<Rotation>3.803381221079148e-15 3.9532840906796554e-14 -1 -0.0013699481144767906 -0.99999906162064156 -3.9538014244927123e-14 -0.99999906162064156 0.0013699481144767906 -3.7492197112045408e-15</Rotation>
<Translation>-0.16649999999999954 -0.029815371340198654 0.13479097199681536</Translation>
</Transform>
</Instance>
<Instance name="Eje exterior v1-1" uid="Eje exterior v1-1" entityUid="Eje exterior v1*:*Default">
<Transform>
<Rotation>0.49999999999996597 -3.7079714299004252e-15 0.86602540378445836 0.86602459112409536 0.0013699481144767605 -0.49999953081028664 -0.00118640986900164 0.99999906162064178 0.00068497405724154406</Rotation>
<Translation>-0.16649999999999887 -0.029844825224661198 0.1132909921719715</Translation>
</Transform>
</Instance>
<Instance name="RMD-X8-S2-V3_Rotor-1" uid="RMD-X8-S2-V3_Rotor-1" entityUid="RMD-X8-S2-V3_Rotor*:*Predeterminado">
<Transform>
<Rotation>0.49999999999996864 0.86602540378445669 3.6690485719081956e-15 0.86602459112409391 -0.49999953081028936 -0.0013699481144767915 -0.0011864098690016842 0.00068497405724153029 -0.99999906162064145</Rotation>
<Translation>-0.16649999999999937 -0.029862771544959615 0.10019100446474107</Translation>
</Transform>
</Instance>
</Instance>
<Instance name="Pieza Correa-73" uid="Pieza Correa-73" entityUid="Pieza Correa*:*Default">
<Transform>
<Rotation>0.99612970641235743 0.087895437895437703 -3.8034218786606178e-15 -0.087895355416173077 0.9961287716648024 0.0013699481144767995 0.00012041218941975623 -0.0013646460130736025 0.99999906162064156</Rotation>
<Translation>-0.41537149487273861 -0.085236819641652514 0.092266856601663685</Translation>
</Transform>
</Instance>
<Instance name="Pieza Correa-81" uid="Pieza Correa-81" entityUid="Pieza Correa*:*Default">
<Transform>
<Rotation>-0.99612970641235732 0.087895437895437814 -3.8030966180088721e-15 -0.08789535541617316 -0.99612877166480263 0.0013699481144768197 0.00012041218941219629 0.0013646460130742736 0.99999906162064167</Rotation>
<Translation>-0.29082021780553324 0.036933455930376002 0.092099489505945153</Translation>
</Transform>
</Instance>
<Instance name="Pieza Correa-67" uid="Pieza Correa-67" entityUid="Pieza Correa*:*Default">
<Transform>
<Rotation>0.99612970641235754 0.087895437895437786 -3.8028933301015311e-15 -0.087895355416173188 0.9961287716648024 0.0013699481144767945 0.00012041218941975541 -0.0013646460130735975 0.99999906162064134</Rotation>
<Translation>-0.29082021780552803 -0.096226832985184765 0.092281912363850194</Translation>
</Transform>
</Instance>
<Instance name="Pieza Correa-72" uid="Pieza Correa-72" entityUid="Pieza Correa*:*Default">
<Transform>
<Rotation>0.99612970641235732 0.087895437895437661 -3.8041672676542015e-15 -0.087895355416173035 0.99612877166480251 0.0013699481144768056 0.00012041218941975741 -0.0013646460130736079 0.99999906162064156</Rotation>
<Translation>-0.39461294869487018 -0.087068488532241223 0.092269365895361388</Translation>
</Transform>
</Instance>
<Instance name="Pieza Correa-75" uid="Pieza Correa-75" entityUid="Pieza Correa*:*Default">
<Transform>
<Rotation>0.99612970641235754 0.087895437895437689 -3.8043298979800744e-15 -0.087895355416173077 0.99612877166480274 0.0013699481144768002 0.00012041218941975714 -0.0013646460130736031 0.99999906162064145</Rotation>
<Translation>-0.45688858722847547 -0.081573481860475097 0.092261838014268377</Translation>
</Transform>
</Instance>
<Instance name="Pieza Correa-79" uid="Pieza Correa-79" entityUid="Pieza Correa*:*Default">
<Transform>
<Rotation>-0.99612970641235732 0.087895437895437814 -3.8030966180088721e-15 -0.08789535541617316 -0.99612877166480263 0.0013699481144768197 0.00012041218941219629 0.0013646460130742736 0.99999906162064167</Rotation>
<Translation>-0.24930312544979638 0.040596793711553433 0.092094470918549845</Translation>
</Transform>
</Instance>
<Instance name="Pieza Correa-80" uid="Pieza Correa-80" entityUid="Pieza Correa*:*Default">
<Transform>
<Rotation>-0.99612970641235732 0.087895437895437814 -3.8030966180088721e-15 -0.08789535541617316 -0.99612877166480263 0.0013699481144768197 0.00012041218941219629 0.0013646460130742736 0.99999906162064167</Rotation>
<Translation>-0.27006167162766481 0.038765124820964718 0.092096980212247534</Translation>
</Transform>
</Instance>
<Instance name="Pieza Correa-71" uid="Pieza Correa-71" entityUid="Pieza Correa*:*Default">
<Transform>
<Rotation>0.99612970641235743 0.087895437895437717 -3.8030288553730918e-15 -0.087895355416173063 0.99612877166480263 0.0013699481144767958 0.00012041218941975539 -0.0013646460130735988 0.99999906162064189</Rotation>
<Translation>-0.37385440251700175 -0.088900157422829931 0.092271875189059133</Translation>
</Transform>
</Instance>
<Instance name="Pieza Correa-83" uid="Pieza Correa-83" entityUid="Pieza Correa*:*Default">
<Transform>
<Rotation>-0.99612970641235732 0.087895437895437814 -3.8030966180088721e-15 -0.08789535541617316 -0.99612877166480263 0.0013699481144768197 0.00012041218941219629 0.0013646460130742736 0.99999906162064167</Rotation>
<Translation>-0.33233731016127011 0.033270118149198571 0.092104508093340268</Translation>
</Transform>
</Instance>
<Instance name="Pieza Correa-85" uid="Pieza Correa-85" entityUid="Pieza Correa*:*Default">
<Transform>
<Rotation>-0.99612970641235732 0.087895437895437814 -3.8030966180088721e-15 -0.08789535541617316 -0.99612877166480263 0.0013699481144768197 0.00012041218941219629 0.0013646460130742736 0.99999906162064167</Rotation>
<Translation>-0.37385440251700697 0.029606780368021141 0.092109526680735521</Translation>
</Transform>
</Instance>
<Instance name="Pieza Correa-86" uid="Pieza Correa-86" entityUid="Pieza Correa*:*Default">
<Transform>
<Rotation>-0.99612970641235732 0.087895437895437814 -3.8030966180088721e-15 -0.08789535541617316 -0.99612877166480263 0.0013699481144768197 0.00012041218941219629 0.0013646460130742736 0.99999906162064167</Rotation>
<Translation>-0.3946129486948754 0.027775111477432422 0.092112035974433085</Translation>
</Transform>
</Instance>
<Instance name="Pieza Correa-82" uid="Pieza Correa-82" entityUid="Pieza Correa*:*Default">
<Transform>
<Rotation>-0.99612970641235732 0.087895437895437814 -3.8030966180088721e-15 -0.08789535541617316 -0.99612877166480263 0.0013699481144768197 0.00012041218941219629 0.0013646460130742736 0.99999906162064167</Rotation>
<Translation>-0.31157876398340167 0.035101787039787287 0.092101998799642718</Translation>
</Transform>
</Instance>
<Instance name="Pieza Correa-64" uid="Pieza Correa-64" entityUid="Pieza Correa*:*Default">
<Transform>
<Rotation>0.99612970641235732 0.087895437895437828 -3.8011586066255543e-15 -0.087895355416173174 0.99612877166480251 0.0013699481144767971 0.00012041218941975397 -0.0013646460130736005 0.99999906162064156</Rotation>
<Translation>-0.22854457927192276 -0.10172183965695089 0.092289440244943427</Translation>
</Transform>
</Instance>
<Instance name="Pieza Correa-70" uid="Pieza Correa-70" entityUid="Pieza Correa*:*Default">
<Transform>
<Rotation>0.99612970641235743 0.087895437895437717 -3.8035302988778663e-15 -0.087895355416173104 0.9961287716648024 0.001369948114476801 0.0001204121894197565 -0.001364646013073604 0.99999906162064156</Rotation>
<Translation>-0.35309585633913332 -0.09073182631341864 0.092274384482756794</Translation>
</Transform>
</Instance>
<Instance name="Pieza Correa-77" uid="Pieza Correa-77" entityUid="Pieza Correa*:*Default">
<Transform>
<Rotation>-0.99612970641235732 0.087895437895437814 -3.8030966180088721e-15 -0.08789535541617316 -0.99612877166480263 0.0013699481144768197 0.00012041218941219629 0.0013646460130742736 0.99999906162064167</Rotation>
<Translation>-0.20778603309405952 0.044260131492730864 0.092089452331154648</Translation>
</Transform>
</Instance>
<Instance name="Pieza Correa-63" uid="Pieza Correa-63" entityUid="Pieza Correa*:*Default">
<Transform>
<Rotation>0.99612970641235721 0.087895437895437648 -3.8041808201813576e-15 -0.087895355416173007 0.99612877166480251 0.0013699481144767971 0.00012041218941975668 -0.0013646460130736003 0.99999906162064145</Rotation>
<Translation>-0.20778603309405433 -0.1035535085475396 0.092291949538641241</Translation>
</Transform>
</Instance>
<Instance name="Pieza Correa-65" uid="Pieza Correa-65" entityUid="Pieza Correa*:*Default">
<Transform>
<Rotation>0.99612970641235765 0.087895437895437717 -3.8042756878714501e-15 -0.087895355416173201 0.99612877166480251 0.0013699481144768026 0.00012041218941975748 -0.001364646013073606 0.99999906162064145</Rotation>
<Translation>-0.24930312544979119 -0.099890170766362182 0.092286930951245738</Translation>
</Transform>
</Instance>
<Instance name="Pieza Correa-66" uid="Pieza Correa-66" entityUid="Pieza Correa*:*Default">
<Transform>
<Rotation>0.99612970641235743 0.087895437895437745 -3.8019853107820745e-15 -0.087895355416173104 0.99612877166480251 0.0013699481144767943 0.00012041218941975436 -0.0013646460130735975 0.99999906162064167</Rotation>
<Translation>-0.27006167162765959 -0.098058501875773474 0.092284421657548077</Translation>
</Transform>
</Instance>
<Instance name="Pieza Correa-68" uid="Pieza Correa-68" entityUid="Pieza Correa*:*Default">
<Transform>
<Rotation>0.99612970641235721 0.087895437895437717 -3.8018362329833577e-15 -0.087895355416173063 0.99612877166480251 0.0013699481144768004 0.00012041218941975458 -0.0013646460130736042 0.99999906162064178</Rotation>
<Translation>-0.31157876398339646 -0.094395164094596057 0.092279403070152269</Translation>
</Transform>
</Instance>
<Instance name="Pieza Correa-74" uid="Pieza Correa-74" entityUid="Pieza Correa*:*Default">
<Transform>
<Rotation>0.99612970641235743 0.087895437895437703 -3.8039097696382362e-15 -0.087895355416173063 0.99612877166480251 0.0013699481144768023 0.00012041218941975692 -0.0013646460130736053 0.99999906162064167</Rotation>
<Translation>-0.43613004105060704 -0.083405150751063806 0.092264347307965913</Translation>
</Transform>
</Instance>
<Instance name="Pieza Correa-76" uid="Pieza Correa-76" entityUid="Pieza Correa*:*Default">
<Transform>
<Rotation>-0.99612970641235732 0.087895437895437814 -3.8030966180088721e-15 -0.08789535541617316 -0.99612877166480263 0.0013699481144768197 0.00012041218941219629 0.0013646460130742736 0.99999906162064167</Rotation>
<Translation>-0.18702748691619109 0.04609180038331958 0.092086943037457111</Translation>
</Transform>
</Instance>
<Instance name="Pieza Correa-69" uid="Pieza Correa-69" entityUid="Pieza Correa*:*Default">
<Transform>
<Rotation>0.99612970641235743 0.087895437895437731 -3.8024054391239126e-15 -0.087895355416173118 0.99612877166480274 0.0013699481144767952 0.0001204121894197548 -0.0013646460130735986 0.99999906162064178</Rotation>
<Translation>-0.33233731016126489 -0.092563495204007348 0.092276893776454649</Translation>
</Transform>
</Instance>
<Instance name="Pieza Correa-84" uid="Pieza Correa-84" entityUid="Pieza Correa*:*Default">
<Transform>
<Rotation>-0.99612970641235732 0.087895437895437814 -3.8030966180088721e-15 -0.08789535541617316 -0.99612877166480263 0.0013699481144768197 0.00012041218941219629 0.0013646460130742736 0.99999906162064167</Rotation>
<Translation>-0.35309585633913854 0.031438449258609856 0.092107017387037943</Translation>
</Transform>
</Instance>
<Instance name="Pieza Correa-78" uid="Pieza Correa-78" entityUid="Pieza Correa*:*Default">
<Transform>
<Rotation>-0.99612970641235732 0.087895437895437814 -3.8030966180088721e-15 -0.08789535541617316 -0.99612877166480263 0.0013699481144768197 0.00012041218941219629 0.0013646460130742736 0.99999906162064167</Rotation>
<Translation>-0.22854457927192795 0.042428462602142149 0.092091961624852392</Translation>
</Transform>
</Instance>
<Instance name="Pieza Correa-88" uid="Pieza Correa-88" entityUid="Pieza Correa*:*Default">
<Transform>
<Rotation>-0.99612970641235732 0.087895437895437814 -3.8030966180088721e-15 -0.08789535541617316 -0.99612877166480263 0.0013699481144768197 0.00012041218941219629 0.0013646460130742736 0.99999906162064167</Rotation>
<Translation>-0.43613004105061226 0.024111773696254984 0.092117054561828338</Translation>
</Transform>
</Instance>
<Instance name="Pieza Correa-97" uid="Pieza Correa-97" entityUid="Pieza Correa*:*Default">
<Transform>
<Rotation>0.98589652205701583 0.16735605096882503 -3.9915445081140088e-15 -0.16735589392536124 0.98589559691207007 0.0013699481144769062 0.00022926910647497805 -0.0013506270814606805 0.99999906162064156</Rotation>
<Translation>-0.47734185618595382 -0.078939448879704679 0.092258229522366855</Translation>
</Transform>
</Instance>
<Instance name="Pieza Correa-90" uid="Pieza Correa-90" entityUid="Pieza Correa*:*Default">
<Transform>
<Rotation>-0.98206974162855831 0.18851796354092232 -3.8657779031386313e-15 -0.18851778663955665 -0.9820688200745844 0.0013699481144766228 0.00025825982869406275 0.0013453845908293167 0.99999906162064156</Rotation>
<Translation>-0.47724907788317406 0.019435140309677926 0.092123461312930144</Translation>
</Transform>
</Instance>
<Instance name="Pieza Correa-95" uid="Pieza Correa-95" entityUid="Pieza Correa*:*Default">
<Transform>
<Rotation>0.57698534198505746 0.81675450114118509 -3.8023800281354965e-15 -0.81675373471562041 0.57698480055392254 0.0013699481144768017 0.0011189112888310016 -0.00079043998133007708 0.99999906162064178</Rotation>
<Translation>-0.5088482597349171 -0.057439527660657408 0.092228775718192449</Translation>
</Transform>
</Instance>
<Instance name="Pieza Correa-87" uid="Pieza Correa-87" entityUid="Pieza Correa*:*Default">
<Transform>
<Rotation>-0.99612970641235732 0.087895437895437814 -3.8030966180088721e-15 -0.08789535541617316 -0.99612877166480263 0.0013699481144768197 0.00012041218941219629 0.0013646460130742736 0.99999906162064167</Rotation>
<Translation>-0.41537149487274383 0.025943442586843703 0.09211454526813076</Translation>
</Transform>
</Instance>
<Instance name="Pieza Correa-92" uid="Pieza Correa-92" entityUid="Pieza Correa*:*Default">
<Transform>
<Rotation>-0.5720294322979641 0.82023309405611577 -3.896080506826661e-15 -0.82023232436631122 -0.57202889551735236 0.0013699481144766313 0.0011236767806312806 0.0007836506422049292 0.99999906162064145</Rotation>
<Translation>-0.50883869873173593 -0.002137452005840913 0.092153014672829284</Translation>
</Transform>
</Instance>
<Instance name="Pieza Correa-93" uid="Pieza Correa-93" entityUid="Pieza Correa*:*Default">
<Transform>
<Rotation>-0.16470248341605656 0.98634329315739966 -3.8914218256167631e-15 -0.98634236759321281 -0.1647023288626458 0.001369948114476644 0.0013512391346870228 0.00022563385660928569 0.99999906162064156</Rotation>
<Translation>-0.51609987510295652 -0.019942921249542833 0.092177407264736541</Translation>
</Transform>
</Instance>
<Instance name="Pieza Correa-91" uid="Pieza Correa-91" entityUid="Pieza Correa*:*Default">
<Transform>
<Rotation>-0.81460981814104705 0.58000934836277451 -3.8579182844210649e-15 -0.58000880409397437 -0.81460905372800851 0.0013699481144766558 0.00079458271316527429 0.0011159731843987364 0.99999906162064167</Rotation>
<Translation>-0.49499103176209486 0.011846050060737259 0.092133857982563197</Translation>
</Transform>
</Instance>
<Instance name="Pieza Correa-89" uid="Pieza Correa-89" entityUid="Pieza Correa*:*Default">
<Transform>
<Rotation>-0.99612970641235732 0.087895437895437814 -3.8030966180088721e-15 -0.08789535541617316 -0.99612877166480263 0.0013699481144768197 0.00012041218941219629 0.0013646460130742736 0.99999906162064167</Rotation>
<Translation>-0.45688858722848069 0.022280104805666265 0.092119563855525957</Translation>
</Transform>
</Instance>
<Instance name="Pieza Correa-96" uid="Pieza Correa-96" entityUid="Pieza Correa*:*Default">
<Transform>
<Rotation>0.80834656819030926 0.58870690984134866 -3.86767440990754e-15 -0.58870635741093624 0.80834580965457525 0.0013699481144766928 0.00080649792111968236 -0.0011073928569337427 0.99999906162064156</Rotation>
<Translation>-0.49498377434186003 -0.071505457114152321 0.092248045329807932</Translation>
</Transform>
</Instance>
<Instance name="Pieza Correa-94" uid="Pieza Correa-94" entityUid="Pieza Correa*:*Default">
<Transform>
<Rotation>0.16218304325253757 0.98676069058376337 -3.8726761394610758e-15 -0.9867597646278996 0.16218289106331751 0.0013699481144767423 0.001351810947505623 -0.00022218235430009249 0.99999906162064145</Rotation>
<Translation>-0.5161250831680978 -0.039684643176975801 0.092204452424846192</Translation>
</Transform>
</Instance>
</InstanceTree>
<Constraints>
<Concentric name="Concentric84">
<ConstraintGeometry geomType="cylinder">
<InstancePath>
<Uid>Reductora-1</Uid>
<Uid>Reductora_NMRV030_reducer_Body-1</Uid>
</InstancePath>
<Position>-0.030300000000000001 0 0</Position>
<Axis>1 0 0</Axis>
</ConstraintGeometry>
<ConstraintGeometry geomType="cylinder">
<InstancePath>
<Uid>Ejes y chapas-1</Uid>
<Uid>Reductora_NMRV030_reducer_Rotor-1</Uid>
</InstancePath>
<Position>0.0315 0 0</Position>
<Axis>-1 0 0</Axis>
</ConstraintGeometry>
</Concentric>
<Coincident name="Coincident68">
<ConstraintGeometry geomType="plane">
<InstancePath>
<Uid>Reductora-1</Uid>
<Uid>Reductora_NMRV030_reducer_Body-1</Uid>
</InstancePath>
<Position>-0.030300000000000001 0 0</Position>
<Axis>-1 0 0</Axis>
</ConstraintGeometry>
<ConstraintGeometry geomType="plane">
<InstancePath>
<Uid>Ejes y chapas-1</Uid>
<Uid>Reductora_NMRV030_reducer_Rotor-1</Uid>
</InstancePath>
<Position>-0.029000000000000005 0.033431231442083792 0.0021454053849629014</Position>
<Axis>-1 0 0</Axis>
</ConstraintGeometry>
</Coincident>
<Concentric name="Concentric87">
<ConstraintGeometry geomType="cylinder">
<InstancePath>
<Uid>Ejes y chapas-1</Uid>
<Uid>Eje Polea Pasiva v5-1</Uid>
</InstancePath>
<Position>0.060625000000000026 0 0</Position>
<Axis>-1.0000000000000002 0 0</Axis>
</ConstraintGeometry>
<ConstraintGeometry geomType="cylinder">
<InstancePath>
<Uid>Polea pasiva Oruga v9-1</Uid>
</InstancePath>
<Position>0 0.040000000000000001 0</Position>
<Axis>0 -1 0</Axis>
</ConstraintGeometry>
</Concentric>
<Distance name="Distance25">
<ConstraintGeometry geomType="plane">
<InstancePath>
<Uid>Polea pasiva Oruga v9-1</Uid>
</InstancePath>
<Position>0 -0.039999999999999994 0</Position>
<Axis>0 -1 0</Axis>
</ConstraintGeometry>
<ConstraintGeometry geomType="plane">
<InstancePath>
<Uid>Ejes y chapas-1</Uid>
<Uid>Panel exterior v3-1</Uid>
</InstancePath>
<Position>0 0 0.0020000000000000018</Position>
<Axis>0 0 1.0000000000000002</Axis>
</ConstraintGeometry>
</Distance>
<Parallel name="Parallel52">
<ConstraintGeometry geomType="plane">
<InstancePath>
<Uid>Ejes y chapas-1</Uid>
<Uid>Eje Polea Pasiva v5-1</Uid>
</InstancePath>
<Position>0 0 0</Position>
<Axis>0 1.0000000000000002 0</Axis>
</ConstraintGeometry>
<ConstraintGeometry geomType="plane">
<InstancePath>
<Uid>Polea pasiva Oruga v9-1</Uid>
</InstancePath>
<Position>0 0 0</Position>
<Axis>1.0000000000000002 0 0</Axis>
</ConstraintGeometry>
</Parallel>
<Distance name="Distance26">
<ConstraintGeometry geomType="plane">
<InstancePath>
<Uid>Polea activa-1</Uid>
<Uid>RMD-X8-S2-V3_Rotor-1</Uid>
</InstancePath>
<Position>0 0 -0.013100000000000001</Position>
<Axis>0 0 -1.0000000000000002</Axis>
</ConstraintGeometry>
<ConstraintGeometry geomType="plane">
<InstancePath>
<Uid>Ejes y chapas-1</Uid>
<Uid>RMD-X8-S2-V3_Body-1</Uid>
</InstancePath>
<Position>0 0 -0.0126</Position>
<Axis>0 0 -1.0000000000000002</Axis>
</ConstraintGeometry>
</Distance>
<Concentric name="Concentric88">
<ConstraintGeometry geomType="cylinder">
<InstancePath>
<Uid>Ejes y chapas-1</Uid>
<Uid>RodamientoKFL08-1</Uid>
</InstancePath>
<Position>0 0 -9.9999999997324451e-07</Position>
<Axis>0 0 1.0000000000000002</Axis>
</ConstraintGeometry>
<ConstraintGeometry geomType="cylinder">
<InstancePath>
