% -------------------------------------------------------------------
%  Generated by MATLAB on 22-Nov-2023 17:43:01
%  MATLAB version: 23.2.0.2409890 (R2023b) Update 3
% -------------------------------------------------------------------
                                                               

smiData = struct;
smiData.RigidTransform = struct;
smiData.RigidTransform(1).translation = ...
  [-318.7250000000007 7.1310028851723875 50.490278275076037];
smiData.RigidTransform(1).angle = 0.0013699485429869078;
smiData.RigidTransform(1).axis = [-1 -2.512277454279597E-12 1.7208456881689918E-15 ...
                                  ];
smiData.RigidTransform(1).ID = ['B[Ejes y chapas-1:-:Poleas centrales-2' ...
                                ']'];
smiData.RigidTransform(1).ID = convertCharsToStrings( ...
  smiData.RigidTransform(1).ID);
smiData.RigidTransform(2).translation = ...
  [-318.7250000000007 7.1274410200747349 47.890280714862364];
smiData.RigidTransform(2).angle = 0.0013699485429869078;
smiData.RigidTransform(2).axis = [-1 -2.512277454279597E-12 1.7208456881689918E-15 ...
                                  ];
smiData.RigidTransform(2).ID = ['F[Ejes y chapas-1:-:Poleas centrales-2' ...
                                ']'];
smiData.RigidTransform(2).ID = convertCharsToStrings( ...
  smiData.RigidTransform(2).ID);
smiData.RigidTransform(3).translation = ...
  [-166.4999999999994 -29.811262865802995 137.78996918261421];
smiData.RigidTransform(3).angle = 0.0013699485429871691;
smiData.RigidTransform(3).axis = [-1 -2.8427915463172339E-12 1.9472393729883638E-15 ...
                                  ];
smiData.RigidTransform(3).ID = 'B[Ejes y chapas-1:-:Polea activa-1]';
smiData.RigidTransform(3).ID = convertCharsToStrings( ...
  smiData.RigidTransform(3).ID);
smiData.RigidTransform(4).translation = ...
  [-166.49999999999909 -29.811262865804537 137.78996918261515];
smiData.RigidTransform(4).angle = 0.0013699485429874644;
smiData.RigidTransform(4).axis = [-1 -2.7575379076180842E-12 1.8888428147956219E-15 ...
                                  ];
smiData.RigidTransform(4).ID = 'F[Ejes y chapas-1:-:Polea activa-1]';
smiData.RigidTransform(4).ID = convertCharsToStrings( ...
  smiData.RigidTransform(4).ID);
smiData.RigidTransform(5).translation = ...
  [-166.49999999999872 -30.041481276494316 -30.258873123671716];
smiData.RigidTransform(5).angle = 0.001369948542987609;
smiData.RigidTransform(5).axis = [-1 -2.9174834952909422E-12 1.9984014443252814E-15 ...
                                  ];
smiData.RigidTransform(5).ID = 'B[Reductora-1:-:Ejes y chapas-1]';
smiData.RigidTransform(5).ID = convertCharsToStrings( ...
  smiData.RigidTransform(5).ID);
smiData.RigidTransform(6).translation = ...
  [-166.49999999999872 -30.037919411396665 -27.658875563458039];
smiData.RigidTransform(6).angle = 0.001369948542987609;
smiData.RigidTransform(6).axis = [-1 -2.9174834952909422E-12 1.9984014443252814E-15 ...
                                  ];
smiData.RigidTransform(6).ID = 'F[Reductora-1:-:Ejes y chapas-1]';
smiData.RigidTransform(6).ID = convertCharsToStrings( ...
  smiData.RigidTransform(6).ID);
smiData.RigidTransform(7).translation = ...
  [-466.79999999999944 -29.7893423260367 153.79095416760629];
smiData.RigidTransform(7).angle = 3.1402227050468063;
smiData.RigidTransform(7).axis = [1 1.2928063549198549E-18 1.8873791418627657E-15 ...
                                  ];
smiData.RigidTransform(7).ID = ['B[Ejes y chapas-1:-:Polea pasiva Oruga' ...
                                ' v9-1]'];
smiData.RigidTransform(7).ID = convertCharsToStrings( ...
  smiData.RigidTransform(7).ID);
smiData.RigidTransform(8).translation = ...
  [-8.5265128291212022E-14 -58.999999999998721 4.9737991503207013E-14];
smiData.RigidTransform(8).angle = 2.0943951023932184;
smiData.RigidTransform(8).axis = [-0.57735026918961052 0.57735026918963339 ...
                                  0.57735026918963339];
smiData.RigidTransform(8).ID = ['F[Ejes y chapas-1:-:Polea pasiva Oruga' ...
                                ' v9-1]'];
smiData.RigidTransform(8).ID = convertCharsToStrings( ...
  smiData.RigidTransform(8).ID);
smiData.RigidTransform(9).translation = ...
  [-166.49999999999918 -29.933529365073355 48.541052932033963];
smiData.RigidTransform(9).angle = 2.0936043429068545;
smiData.RigidTransform(9).axis = [0.57708644182340929 -0.57708644182338642 ...
                                  0.5778775625746515];
smiData.RigidTransform(9).ID = ['B[Ejes y chapas-1:-:Correa_ParteCentra' ...
                                'l-2]'];
smiData.RigidTransform(9).ID = convertCharsToStrings( ...
  smiData.RigidTransform(9).ID);
smiData.RigidTransform(10).translation = ...
  [150.142862930044 6.744604874597826E-15 -45.749999999999993];
smiData.RigidTransform(10).angle = 2.0943951023931935;
smiData.RigidTransform(10).axis = [0.57735026918962729 -0.577350269189625 ...
                                   0.577350269189625];
smiData.RigidTransform(10).ID = ['F[Ejes y chapas-1:-:Correa_ParteCentr' ...
                                 'al-2]'];
smiData.RigidTransform(10).ID = convertCharsToStrings( ...
  smiData.RigidTransform(10).ID);
smiData.RigidTransform(11).translation = ...
  [0 39.999999999999986 0];
smiData.RigidTransform(11).angle = 2.0943951023931953;
smiData.RigidTransform(11).axis = [0.57735026918962584 -0.57735026918962584 ...
                                   0.57735026918962584];
smiData.RigidTransform(11).ID = ['B[Polea pasiva Oruga v9-1:-:Correa_Po' ...
                                 'leaPasiva-2]'];
smiData.RigidTransform(11).ID = convertCharsToStrings( ...
  smiData.RigidTransform(11).ID);
smiData.RigidTransform(12).translation = ...
  [7.6156075748231142E-14 -1.2226331058684536E-14 -39.999999999999964];
smiData.RigidTransform(12).angle = 2.4340299633933364E-16;
smiData.RigidTransform(12).axis = [0.0071269602349446938 -0.99997460289639828 ...
                                   -8.6733970951249E-19];
smiData.RigidTransform(12).ID = ['F[Polea pasiva Oruga v9-1:-:Correa_Po' ...
                                 'leaPasiva-2]'];
smiData.RigidTransform(12).ID = convertCharsToStrings( ...
  smiData.RigidTransform(12).ID);
smiData.RigidTransform(13).translation = ...
  [-166.49999999999957 -29.815371340198681 134.79097199681533];
smiData.RigidTransform(13).angle = 2.0936043429068545;
smiData.RigidTransform(13).axis = [0.57708644182340907 -0.57708644182338631 ...
                                   0.57787756257465162];
smiData.RigidTransform(13).ID = ['B[Polea activa-1:-:Correa_PoleaActiva' ...
                                 '-2]'];
smiData.RigidTransform(13).ID = convertCharsToStrings( ...
  smiData.RigidTransform(13).ID);
smiData.RigidTransform(14).translation = ...
  [-3.3535674237583635E-14 -1.207645095036014E-13 40.000000000000135];
smiData.RigidTransform(14).angle = 2.0943951023931935;
smiData.RigidTransform(14).axis = [0.57735026918962729 -0.57735026918962484 ...
                                   0.57735026918962518];
smiData.RigidTransform(14).ID = ['F[Polea activa-1:-:Correa_PoleaActiva' ...
                                 '-2]'];
smiData.RigidTransform(14).ID = convertCharsToStrings( ...
  smiData.RigidTransform(14).ID);
smiData.RigidTransform(15).translation = ...
  [-318.72500000000088 7.1881019595812807 92.169974188317127];
smiData.RigidTransform(15).angle = 2.64207369328525;
smiData.RigidTransform(15).axis = [-0.00017472719305382749 0.00068497420747205308 ...
                                   0.99999975014034026];
smiData.RigidTransform(15).ID = ['AssemblyGround[Poleas centrales-2:Pol' ...
                                 'ea Central Parte 1 v1-1]'];
smiData.RigidTransform(15).ID = convertCharsToStrings( ...
  smiData.RigidTransform(15).ID);
