<?xml version="1.0" encoding="UTF-8" standalone="no" ?>
<SimscapeMultibodyImportXML version="2.0" xmlns="urn:mathworks:SimscapeMultibody:import" xmlns:xsi="http://www.w3.org/2001/XMLSchema-instance">
<Created by="" on="10/23/23||22:47:10" using="Simscape Multibody Link Version 7.2" from="SolidWorks 30.2.0"/>
<ModelUnits mass="kilogram" length="millimeter"/>
<DataUnits mass="kilogram" length="meter"/>
<RootAssembly name="Ensamblaje_Sim_v3" uid="Ensamblaje_Sim_v3" version="860">
<AssemblyFile name="Ensamblaje_Sim_v3.SLDASM" type="SolidWorks Assembly"/>
<InstanceTree>
<Instance name="Pieza Correa-1" uid="Pieza Correa-1" entityUid="Pieza Correa*:*Default">
<Transform>
<Rotation>-0.99612970641235377 0.087895437895478434 -3.6812109260609299e-15 -0.087895355416213822 -0.99612877166479896 0.001369948114476819 0.00012041218941235812 0.0013646460130742753 0.99999906162064167</Rotation>
<Translation>-0.24317527691959048 0.041191840025433253 0.092093655735209182</Translation>
</Transform>
</Instance>
<Instance name="Motor y reductora^Ensamblaje_Sim_v3-1" uid="Motor y reductora^Ensamblaje_Sim_v3-1" grounded="true" entityUid="Motor y reductora^Ensamblaje_Sim_v3" rigid="true">
<Transform>
<Rotation>1 0 0 0 1 0 0 0 1</Rotation>
<Translation>0 0 0</Translation>
</Transform>
<Instance name="Motor 57HS112-1" uid="Motor 57HS112-1" grounded="true" entityUid="Motor 57HS112*:*Default">
<Transform>
<Rotation>3.8406294727274467e-14 -1 3.4914813388432556e-15 -1 -3.840629472727453e-14 -1.7457406694215531e-14 1.7457406694215667e-14 -3.4914813388425851e-15 -1</Rotation>
<Translation>0 0 0</Translation>
</Transform>
</Instance>
<Instance name="Reductora_NMRV030_reducer_Body-1" uid="Reductora_NMRV030_reducer_Body-1" entityUid="Reductora_NMRV030_reducer_Body*:*Predeterminado">
<Transform>
<Rotation>-3.5009905094717066e-15 1 -3.8713026854475343e-14 0.0013699481144769929 3.8717786702317291e-14 0.99999906162064156 0.99999906162064156 3.4479523860694926e-15 -0.0013699481144769929</Rotation>
<Translation>-0.16649999999999884 -0.02999997184862566 4.1098443433730238e-05</Translation>
</Transform>
</Instance>
<Instance name="UnionMotorReductora-1" uid="UnionMotorReductora-1" entityUid="UnionMotorReductora*:*Default">
<Transform>
<Rotation>1 -3.8503199658648664e-14 -3.475903241480115e-15 3.8507925335132642e-14 0.99999906162064167 0.0013699481144770008 3.4231525939905641e-15 -0.0013699481144770008 0.99999906162064167</Rotation>
<Translation>-0.12550000000000003 -3.2215832609552886e-05 -3.2171728775299413e-05</Translation>
</Transform>
</Instance>
</Instance>
<Instance name="Polea activa^Ensamblaje_Sim_v3-1" uid="Polea activa^Ensamblaje_Sim_v3-1" entityUid="Polea activa^Ensamblaje_Sim_v3" rigid="true">
<Transform>
<Rotation>0.99999999999874056 -1.5871023444868511e-06 2.1742498440439178e-09 1.5871023444868511e-06 0.99999999999874056 1.7558820669140155e-15 -2.1742498440439662e-09 1.6948749580704683e-15 1</Rotation>
<Translation>-4.7613324977128355e-08 -3.2976125950256952e-06 -0.0025999979222268211</Translation>
</Transform>
<Instance name="SoporteGiroCorreaV8-1" uid="SoporteGiroCorreaV8-1" entityUid="SoporteGiroCorreaV8*:*Predeterminado">
<Transform>
<Rotation>3.6806495351537905e-15 0.074110727191156328 0.99725001885946241 -0.0013699481144768008 0.99724908306062954 -0.074110657647179723 -0.99999906162064178 -0.0013661807829982015 0.00010152785098169995</Rotation>
<Translation>-0.16649999999999904 -0.029815371340200379 0.13479097199681531</Translation>
</Transform>
</Instance>
<Instance name="Eje exterior v1-1" uid="Eje exterior v1-1" entityUid="Eje exterior v1*:*Default">
<Transform>
<Rotation>0.56280678187021138 -3.7074832725706494e-15 0.82658848666122653 0.82658771100765249 0.0013699481144767601 -0.56280625374394433 -0.0011323833387476589 0.99999906162064156 0.00077101608964089358</Rotation>
<Translation>-0.1664999999999989 -0.029844825224661201 0.1132909921719715</Translation>
</Transform>
</Instance>
<Instance name="RMD-X8-S2-V3_Rotor-1" uid="RMD-X8-S2-V3_Rotor-1" entityUid="RMD-X8-S2-V3_Rotor*:*Predeterminado">
<Transform>
<Rotation>0.99725001885946263 -0.074110727191151776 3.6704991195526813e-15 -0.074110657647175129 -0.99724908306062976 -0.0013699481144767906 0.00010152785098168259 0.0013661807829981928 -0.99999906162064156</Rotation>
<Translation>-0.16649999999999865 -0.029862771544962349 0.100191004464741</Translation>
</Transform>
</Instance>
</Instance>
<Instance name="Polea pasiva^Ensamblaje_Sim_v3-1" uid="Polea pasiva^Ensamblaje_Sim_v3-1" entityUid="Polea pasiva^Ensamblaje_Sim_v3" rigid="true">
<Transform>
<Rotation>1 0 0 0 1 0 0 0 1</Rotation>
<Translation>-0.00029999999999991665 -3.5618650973887056e-06 -0.0025999975602136335</Translation>
</Transform>
<Instance name="Esparrago M6x60-1" uid="Esparrago M6x60-1" entityUid="Esparrago M6x60*:*Default">
<Transform>
<Rotation>1 -3.8718505046836523e-14 -3.8347146638639806e-15 3.8781199752144547e-14 0.99999906162064145 0.0013699481144765532 3.7816971776294395e-15 -0.001369948114476553 0.99999906162064145</Rotation>
<Translation>-0.43149999999999838 -0.029801329372036972 0.14504096237842584</Translation>
</Transform>
</Instance>
<Instance name="Esparrago M6x60-2" uid="Esparrago M6x60-2" entityUid="Esparrago M6x60*:*Default">
<Transform>
<Rotation>1 -3.8662987648737279e-14 -3.833793092017368e-15 3.8781199341862963e-14 0.99999906162064167 0.0013699481144765669 3.7808298158914511e-15 -0.0013699481144765666 0.99999906162064167</Rotation>
<Translation>-0.43149999999999905 -0.029943461488913831 0.041291059735283298</Translation>
</Transform>
</Instance>
<Instance name="Polea pasiva Oruga v9-1" uid="Polea pasiva Oruga v9-1" entityUid="Polea pasiva Oruga v9*:*Ranuras">
<Transform>
<Rotation>-3.6109587135723167e-14 3.8853469053190537e-15 -1 0.99999906162064156 -0.0013699481144763348 -3.6116668648799569e-14 -0.0013699481144763355 -0.99999906162064156 -3.8359072862537147e-15</Rotation>
<Translation>-0.46649999999999914 -0.029870169264790726 0.094791009531988546</Translation>
</Transform>
</Instance>
<Instance name="Parte fija tensado v6-1" uid="Parte fija tensado v6-1" entityUid="Parte fija tensado v6*:*Default">
<Transform>
<Rotation>1 -3.9053610181119802e-14 -3.8341179929452686e-15 3.9058826076733248e-14 0.99999906162064156 0.0013699481144766911 3.7806129754569532e-15 -0.0013699481144766911 0.99999906162064156</Rotation>
<Translation>-0.46314999999999928 -0.029811261495866628 0.13779096918167608</Translation>
</Transform>
</Instance>
<Instance name="Eje Polea Pasiva v5-1" uid="Eje Polea Pasiva v5-1" entityUid="Eje Polea Pasiva v5*:*Default">
<Transform>
<Rotation>-3.7879313401212311e-15 -3.9717812283392281e-14 -1 0.0013699481144763344 0.99999906162064167 -3.9780395769303863e-14 0.99999906162064167 -0.0013699481144763351 -3.7334501809538345e-15</Rotation>
<Translation>-0.46649999999999914 -0.029872395430476754 0.093166011056854903</Translation>
</Transform>
</Instance>
<Instance name="Parte movil tensado v5-2" uid="Parte movil tensado v5-2" entityUid="Parte movil tensado v5*:*Default">
<Transform>
<Rotation>1 -4.0161674382533361e-14 -3.8245773735512412e-15 4.0168977434430139e-14 0.99999906162064156 0.001369948114476801 3.7696083234062261e-15 -0.0013699481144768013 0.99999906162064167</Rotation>
<Translation>-0.46649999999999836 -0.029811261495866721 0.13779096918167605</Translation>
</Transform>
</Instance>
<Instance name="Parte fija tensado v6-2" uid="Parte fija tensado v6-2" entityUid="Parte fija tensado v6*:*Default">
<Transform>
<Rotation>1 3.9329222260433097e-14 3.8194816233405593e-15 3.9391818107731753e-14 -0.99999906162064178 -0.001369948114476337 3.7653799349335326e-15 0.001369948114476337 -0.99999906162064167</Rotation>
<Translation>-0.46314999999999912 -0.029933529365085101 0.048541052932032841</Translation>
</Transform>
</Instance>
<Instance name="Parte movil tensado v5-1" uid="Parte movil tensado v5-1" entityUid="Parte movil tensado v5*:*Default">
<Transform>
<Rotation>1 -3.9217976129514269e-14 -3.8208368760561662e-15 3.9280798789736887e-14 0.99999906162064156 0.0013699481144768186 3.7671688685181337e-15 -0.0013699481144768186 0.99999906162064156</Rotation>
<Translation>-0.46649999999999892 -0.029953393612745176 0.03404106653853315</Translation>
</Transform>
</Instance>
</Instance>
<Instance name="Eje reductora y soporte motor^Ensamblaje_Sim_v3-1" uid="Eje reductora y soporte motor^Ensamblaje_Sim_v3-1" entityUid="Eje reductora y soporte motor^Ensamblaje_Sim_v3" rigid="true">
<Transform>
<Rotation>1 0 0 0 1 0 0 0 1</Rotation>
<Translation>0 -3.5618650976662614e-06 -0.0025999975602136699</Translation>
</Transform>
<Instance name="Eje v6-1" uid="Eje v6-1" entityUid="Eje v6*:*Default">
<Transform>
<Rotation>1 -3.9440251445038309e-14 -3.8067422478138546e-15 3.9447333229429951e-14 0.99999906162064167 0.0013699481144763643 3.7525863492982037e-15 -0.0013699481144763645 0.99999906162064167</Rotation>
<Translation>-0.16649999999999915 -0.029947228846218116 0.038541062315827532</Translation>
</Transform>
</Instance>
<Instance name="RMD-X8-S2-V3_Body-1" uid="RMD-X8-S2-V3_Body-1" entityUid="RMD-X8-S2-V3_Body*:*Predeterminado">
<Transform>
<Rotation>-0.95105651629516674 0.30901699437490709 3.8653433752366961e-15 0.30901670439973816 0.95105562384336328 -0.0013699481144762639 -0.00042333724878870245 -0.0013028980812577358 -0.99999906162064167</Rotation>
<Translation>-0.16649999999999915 -0.029862771544960812 0.10019100446474005</Translation>
</Transform>
</Instance>
<Instance name="Chaveta 5x5x20-1" uid="Chaveta 5x5x20-1" entityUid="Chaveta 5x5x20*:*Default">
<Transform>
<Rotation>3.6735480109240096e-15 -3.8763936082478975e-14 1 -0.0013699481144764027 0.99999906162064156 3.8768932277372505e-14 -0.99999906162064156 -0.0013699481144764027 3.6204399825965082e-15</Rotation>
<Translation>-0.1664999999999992 -0.025502030993504288 -0.0014650649155132848</Translation>
</Transform>
</Instance>
<Instance name="Rodamiento61818-2RS1-1" uid="Rodamiento61818-2RS1-1" entityUid="Rodamiento61818-2RS1*:*Default">
<Transform>
<Rotation>0.95105651629516663 0.30901699437490698 -3.810753795852051e-15 -0.30901670439973805 0.95105562384336306 0.001369948114476296 0.00042333724878866028 -0.0013028980812577809 0.99999906162064145</Rotation>
<Translation>-0.16649999999999898 -0.029916062526613954 0.061291040967697157</Translation>
</Transform>
</Instance>
<Instance name="Reductora_NMRV030_reducer_Rotor-1" uid="Reductora_NMRV030_reducer_Rotor-1" entityUid="Reductora_NMRV030_reducer_Rotor*:*Predeterminado">
<Transform>
<Rotation>-3.4374087777566675e-15 1.0000000000000002 -3.8940334293634715e-14 0.0013699481144768763 3.9003213817561363e-14 0.99999906162064167 0.99999906162064156 3.384120240979005e-15 -0.0013699481144768763</Rotation>
<Translation>-0.16649999999999884 -0.029998190916076833 0.0013410972235405735</Translation>
</Transform>
</Instance>
<Instance name="Soporte Rodamiento v3-1" uid="Soporte Rodamiento v3-1" entityUid="Soporte Rodamiento v3*:*Predeterminado">
<Transform>
<Rotation>3.8075553994432187e-15 0.30901699437490698 0.95105651629516685 -0.001369948114476303 0.95105562384336306 -0.30901670439973805 -0.99999906162064156 -0.0013028980812577883 0.00042333724878865952</Rotation>
<Translation>-0.16649999999999895 -0.029930789468844574 0.05054105105527526</Translation>
</Transform>
</Instance>
</Instance>
<Instance name="Chapas^Ensamblaje_Sim_v3-1" uid="Chapas^Ensamblaje_Sim_v3-1" entityUid="Chapas^Ensamblaje_Sim_v3" rigid="true">
<Transform>
<Rotation>1 0 0 0 1 0 0 0 1</Rotation>
<Translation>0 -3.561865097066047e-06 -0.0025999975602136469</Translation>
</Transform>
<Instance name="RodamientoKFL08-1" uid="RodamientoKFL08-1" entityUid="RodamientoKFL08*:*Default">
<Transform>
<Rotation>0.99999999999999989 -3.3833355390687568e-14 -3.8944542035679319e-15 3.406283074434362e-14 0.99999906162064167 0.0013699481144766644 3.8479961404769281e-15 -0.0013699481144766638 0.99999906162064167</Rotation>
<Translation>-0.16650000000000098 -0.029811261495856643 0.13779096918167724</Translation>
</Transform>
</Instance>
<Instance name="Panel exterior v3-1" uid="Panel exterior v3-1" entityUid="Panel exterior v3*:*Predeterminado">
<Transform>
<Rotation>-1.0000000000000002 -3.9162451002239381e-14 3.8341725627777379e-15 -3.92253576841599e-14 0.99999906162064156 -0.0013699481144766889 -3.7805587653483297e-15 -0.0013699481144766889 -0.99999906162064167</Rotation>
<Translation>-0.16650000000000098 -0.029811261495856556 0.13779096918167724</Translation>
</Transform>
</Instance>
<Instance name="Panel interior v5-1" uid="Panel interior v5-1" entityUid="Panel interior v5*:*Predeterminado">
<Transform>
<Rotation>-1 3.9551280206127047e-14 -3.8118379980245365e-15 -3.9558353923853356e-14 -0.99999906162064167 0.0013699481144763344 -3.7576278894002613e-15 0.0013699481144763346 0.99999906162064167</Rotation>
<Translation>-0.16649999999999918 -0.029933529365073354 0.048541052932033965</Translation>
</Transform>
</Instance>
</Instance>
<Instance name="Poleas centrales^Ensamblaje_Sim_v3-1" uid="Poleas centrales^Ensamblaje_Sim_v3-1" entityUid="Poleas centrales^Ensamblaje_Sim_v3" rigid="true">
<Transform>
<Rotation>1 0 0 0 1 0 0 0 1</Rotation>
<Translation>0 -3.5618650976454447e-06 -0.0025999975602136335</Translation>
</Transform>
<Instance name="ArandelaM8-1" uid="ArandelaM8-1" entityUid="ArandelaM8*:*Default">
<Transform>
<Rotation>-1.0000000000000002 3.888488539932508e-14 -3.8167711179093455e-15 -3.8892284609313706e-14 -0.99999906162064156 0.0013699481144767052 -3.7638078417834286e-15 0.0013699481144767048 0.99999906162064156</Rotation>
<Translation>-0.31872500000000081 0.0071820741878775782 0.087769978317187289</Translation>
</Transform>
</Instance>
<Instance name="ArandelaM8-4" uid="ArandelaM8-4" entityUid="ArandelaM8*:*Default">
<Transform>
<Rotation>-1 3.6610966419869429e-14 -3.8960949367803302e-15 -3.6616269512806708e-14 -0.99999906162064156 0.0013699481144763353 -3.8459361563492064e-15 0.0013699481144763353 0.99999906162064156</Rotation>
<Translation>-0.31872499999999787 -0.066919591350336441 0.10387150886351385</Translation>
</Transform>
</Instance>
<Instance name="Polea Central Parte 1 v1-2" uid="Polea Central Parte 1 v1-2" entityUid="Polea Central Parte 1 v1*:*Default">
<Transform>
<Rotation>1 -3.9606588175330082e-14 -3.7332875506279617e-15 3.9724939436986161e-14 0.99999906162064167 0.0013699481144767247 3.6790232318950622e-15 -0.0013699481144767245 0.99999906162064156</Rotation>
<Translation>-0.31872499999999759 -0.066929140251697758 0.096901250428909749</Translation>
</Transform>
</Instance>
<Instance name="Polea Central Parte 1 v1-1" uid="Polea Central Parte 1 v1-1" entityUid="Polea Central Parte 1 v1*:*Default">
<Transform>
<Rotation>-1.0000000000000002 3.9608848578285897e-14 -3.7259137307369317e-15 -3.9560655203503526e-14 -0.99999906162064167 0.0013699481144767165 -3.6716656759219575e-15 0.0013699481144767158 0.99999906162064167</Rotation>
<Translation>-0.31872500000000098 0.0071944444563488263 0.096799704868512401</Translation>
</Transform>
</Instance>
<Instance name="ArandelaM8-3" uid="ArandelaM8-3" entityUid="ArandelaM8*:*Default">
<Transform>
<Rotation>1 -3.8778285193854457e-14 -3.8107997034523365e-15 3.8783469402980468e-14 0.99999906162064156 0.0013699481144768225 3.7576718887925898e-15 -0.0013699481144768225 0.99999906162064156</Rotation>
<Translation>-0.31872499999999782 -0.066941510520168043 0.087871523877583513</Translation>
</Transform>
</Instance>
<Instance name="Separador Central v1-1" uid="Separador Central v1-1" entityUid="Separador Central v1*:*Default">
<Transform>
<Rotation>0.99999999999999989 -3.9719868711854461e-14 -3.7276404074621468e-15 3.9724938113497181e-14 0.99999906162064156 0.0013699481144767215 3.6732227502722647e-15 -0.0013699481144767217 0.99999906162064145</Rotation>
<Translation>-0.31872500000000087 0.0071930337727933585 0.095769970810151414</Translation>
</Transform>
</Instance>
<Instance name="ArandelaM8-2" uid="ArandelaM8-2" entityUid="ArandelaM8*:*Default">
<Transform>
<Rotation>1 -4.077440663118633e-14 -3.8173934208676828e-15 4.0779598000243942e-14 0.99999906162064156 0.0013699481144763353 3.7615310172212107e-15 -0.0013699481144763353 0.99999906162064156</Rotation>
<Translation>-0.31872500000000081 0.0072039933577091987 0.10376996330311657</Translation>
</Transform>
</Instance>
<Instance name="Polea Central Parte 2 v1-2" uid="Polea Central Parte 2 v1-2" entityUid="Polea Central Parte 2 v1*:*Default">
<Transform>
<Rotation>1 -3.7776980705245346e-14 -3.7230271834614252e-15 3.7782045610176554e-14 0.99999906162064156 0.0013699481144767421 3.6712711863617901e-15 -0.0013699481144767421 0.99999906162064156</Rotation>
<Translation>-0.31872499999999793 -0.066931961618807656 0.094841782312187664</Translation>
</Transform>
</Instance>
<Instance name="Separador Central v1-2" uid="Separador Central v1-2" entityUid="Separador Central v1*:*Default">
<Transform>
<Rotation>-1 3.9548822591036063e-14 -3.7278066742795577e-15 -3.9727191440723037e-14 -0.99999906162064156 0.0013699481144767247 -3.6735655269278793e-15 0.0013699481144767234 0.99999906162064156</Rotation>
<Translation>-0.31872499999999765 -0.066930550935253172 0.095871516370548651</Translation>
</Transform>
</Instance>
<Instance name="Eje Central v1-1" uid="Eje Central v1-1" entityUid="Eje Central v1*:*Default">
<Transform>
<Rotation>3.8018633380376698e-15 -3.9551290476401533e-14 1 -0.0013699481144763184 0.99999906162064178 3.9724887059909774e-14 -0.99999906162064167 -0.0013699481144763186 3.7472195485444004e-15</Rotation>
<Translation>-0.31872500000000087 0.0071893969235519439 0.093115238276655882</Translation>
</Transform>
</Instance>
<Instance name="Polea Central Parte 2 v1-1" uid="Polea Central Parte 2 v1-1" entityUid="Polea Central Parte 2 v1*:*Default">
<Transform>
<Rotation>-1 3.9331290622296159e-14 -3.7265108102040938e-15 -3.9616172906964629e-14 -0.99999906162064178 0.0013699481144767284 -3.6719706271398975e-15 0.0013699481144767291 0.99999906162064167</Rotation>
<Translation>-0.31872500000000081 0.0071916230892379897 0.094740236751790302</Translation>
</Transform>
</Instance>
<Instance name="Eje Central v1-2" uid="Eje Central v1-2" entityUid="Eje Central v1*:*Default">
<Transform>
<Rotation>3.8018633380376698e-15 -3.9551290476401533e-14 1 -0.0013699481144763184 0.99999906162064178 3.9724887059909774e-14 -0.99999906162064167 -0.0013699481144763186 3.7472195485444004e-15</Rotation>
<Translation>-0.31872499999999776 -0.066934187784493726 0.09321678383705316</Translation>
</Transform>
</Instance>
</Instance>
<Instance name="Pieza Correa-106" uid="Pieza Correa-106" entityUid="Pieza Correa*:*Default">
<Transform>
<Rotation>-0.99612970641235377 0.087895437895478434 -3.6812109260609299e-15 -0.087895355416213822 -0.99612877166479896 0.001369948114476819 0.00012041218941235812 0.0013646460130742753 0.99999906162064167</Rotation>
<Translation>-0.43000219252040617 0.024706820010127317 0.092116239378487633</Translation>
</Transform>
</Instance>
<Instance name="Pieza Correa-105" uid="Pieza Correa-105" entityUid="Pieza Correa*:*Default">
<Transform>
<Rotation>-0.99612970641235377 0.087895437895478434 -3.6812109260609299e-15 -0.087895355416213822 -0.99612877166479896 0.001369948114476819 0.00012041218941235812 0.0013646460130742753 0.99999906162064167</Rotation>
<Translation>-0.40924364634253779 0.026538488900716882 0.092113730084790041</Translation>
</Transform>
</Instance>
<Instance name="Pieza Correa-107" uid="Pieza Correa-107" entityUid="Pieza Correa*:*Default">
<Transform>
<Rotation>-0.99612970641235377 0.087895437895478434 -3.6812109260609299e-15 -0.087895355416213822 -0.99612877166479896 0.001369948114476819 0.00012041218941235812 0.0013646460130742753 0.99999906162064167</Rotation>
<Translation>-0.4507607386982746 0.022875151119537789 0.092118748672185238</Translation>
</Transform>
</Instance>
<Instance name="Pieza Correa-108" uid="Pieza Correa-108" entityUid="Pieza Correa*:*Default">
<Transform>
<Rotation>-0.99064359571366412 0.1364744161793788 -3.6811916360332381e-15 -0.13647428811460374 -0.99064266611416241 0.0013699481144768188 0.00018696286911561798 0.0013571303260669733 0.99999906162064167</Rotation>
<Translation>-0.47134067435139709 0.020551024445680681 0.092121932608127566</Translation>
</Transform>
</Instance>
<Instance name="Pieza Correa-110" uid="Pieza Correa-110" entityUid="Pieza Correa*:*Default">
<Transform>
<Rotation>-0.64210585865949421 0.76661598357662331 -3.6807579552676414e-15 -0.76661526420000847 -0.64210525612061053 0.0013699481144768193 0.0010502241212262237 0.00087965171036791527 0.99999906162064167</Rotation>
<Translation>-0.50521755349169828 0.0023041956976027037 0.092146929840222921</Translation>
</Transform>
</Instance>
<Instance name="Pieza Correa-113" uid="Pieza Correa-113" entityUid="Pieza Correa*:*Default">
<Transform>
<Rotation>0.45807558945407079 0.88891324343059819 -3.6808663756658357e-15 -0.88891240929275883 0.45807515960539308 0.0013699481144768201 0.0012177650217729081 -0.00062753979005719001 0.99999906162064167</Rotation>
<Translation>-0.51134625628811914 -0.052829327314116284 0.092222459976993187</Translation>
</Transform>
</Instance>
<Instance name="Pieza Correa-114" uid="Pieza Correa-114" entityUid="Pieza Correa*:*Default">
<Transform>
<Rotation>0.76229575940990291 0.64722884298034755 -3.6816253171090274e-15 -0.6472282356341611 0.7622950440872972 0.0013699481144768193 0.00088666993307874706 -0.0010443056382748888 0.99999906162064145</Rotation>
<Translation>-0.49923468598262205 -0.068074748666789586 0.092243345432828222</Translation>
</Transform>
</Instance>
<Instance name="Pieza Correa-115" uid="Pieza Correa-115" entityUid="Pieza Correa*:*Default">
<Transform>
<Rotation>0.95114839308579646 0.30873408352546222 -3.6808121654796633e-15 -0.30873379381577098 0.95114750054777752 0.0013699481144768201 0.00042294967560393715 -0.0013030239476944079 0.99999906162064134</Rotation>
<Translation>-0.48222752018991499 -0.077563359487694938 0.092256344349529285</Translation>
</Transform>
</Instance>
<Instance name="Pieza Correa-111" uid="Pieza Correa-111" entityUid="Pieza Correa*:*Default">
<Transform>
<Rotation>-0.30145507294992563 0.95348038207021069 -3.6809205856969118e-15 -0.95347948734390142 -0.30145479007070769 0.001369948114476819 0.0013062186516066127 0.00041297780879073233 0.99999906162064145</Rotation>
<Translation>-0.51458191997846003 -0.014766877410459071 0.092170316346584777</Translation>
</Transform>
</Instance>
<Instance name="Pieza Correa-112" uid="Pieza Correa-112" entityUid="Pieza Correa*:*Default">
<Transform>
<Rotation>0.084703750776055312 0.99640617952944666 -3.6815711070004031e-15 -0.99640524452245516 0.084703671291804006 0.0013699481144768193 0.0013650247668997282 -0.00011603974366110305 0.99999906162064145</Rotation>
<Translation>-0.51673306756133441 -0.034118500209204462 0.092196827090627112</Translation>
</Transform>
</Instance>
<Instance name="Pieza Correa-116" uid="Pieza Correa-116" entityUid="Pieza Correa*:*Default">
<Transform>
<Rotation>0.99611263732289024 0.088088669905023231 -3.6810290059145643e-15 -0.088088587244433678 0.99611170259135262 0.0013699481144768208 0.00012067690724682441 -0.0013646226293067009 0.99999906162064189</Rotation>
<Translation>-0.46248945269151964 -0.081585679464280955 0.092261854724367931</Translation>
</Transform>
</Instance>
<Instance name="Pieza Correa-119" uid="Pieza Correa-119" entityUid="Pieza Correa*:*Default">
<Transform>
<Rotation>0.99612970641236098 0.087895437895396319 -3.6810561109684725e-15 -0.087895355416131707 0.99612877166480618 0.0013699481144768203 0.00012041218941957953 -0.0013646460130736383 0.99999906162064178</Rotation>
<Translation>-0.40021447509102276 -0.087082656861719218 0.09226938530525565</Translation>
</Transform>
</Instance>
<Instance name="Pieza Correa-120" uid="Pieza Correa-120" entityUid="Pieza Correa*:*Default">
<Transform>
<Rotation>0.99612970641236076 0.087895437895398942 -3.6810290059141604e-15 -0.08789535541613433 0.99612877166480596 0.0013699481144768201 0.00012041218941958317 -0.0013646460130736378 0.99999906162064178</Rotation>
<Translation>-0.37945592891315411 -0.088914325752307108 0.092271894598953408</Translation>
</Transform>
</Instance>
<Instance name="Pieza Correa-109" uid="Pieza Correa-109" entityUid="Pieza Correa*:*Default">
<Transform>
<Rotation>-0.88485339379664962 0.46586958635067777 -3.6810832158159895e-15 -0.46586914918827421 -0.88485256346848951 0.0013699481144768193 0.00063821716140994959 0.0012122032384218498 0.99999906162064167</Rotation>
<Translation>-0.49005911485787063 0.014539322022973778 0.092130168336254523</Translation>
</Transform>
</Instance>
<Instance name="Pieza Correa-117" uid="Pieza Correa-117" entityUid="Pieza Correa*:*Default">
<Transform>
<Rotation>0.99612970641236087 0.087895437895397624 -3.6811103210770968e-15 -0.087895355416132998 0.99612877166480607 0.0013699481144768203 0.0001204121894195813 -0.0013646460130736387 0.99999906162064178</Rotation>
<Translation>-0.44173156744675979 -0.083419319080543411 0.092264366717860147</Translation>
</Transform>
</Instance>
<Instance name="Pieza Correa-118" uid="Pieza Correa-118" entityUid="Pieza Correa*:*Default">
<Transform>
<Rotation>0.99612970641236054 0.087895437895400719 -3.6811103210770968e-15 -0.087895355416136106 0.99612877166480573 0.0013699481144768197 0.00012041218941958557 -0.0013646460130736381 0.99999906162064167</Rotation>
<Translation>-0.4209730212688913 -0.085250987971131301 0.092266876011557905</Translation>
</Transform>
</Instance>
<Instance name="Pieza Correa-100" uid="Pieza Correa-100" entityUid="Pieza Correa*:*Default">
<Transform>
<Rotation>-0.99612970641235377 0.087895437895478434 -3.6812109260609299e-15 -0.087895355416213822 -0.99612877166479896 0.001369948114476819 0.00012041218941235812 0.0013646460130742753 0.99999906162064167</Rotation>
<Translation>-0.3054509154531958 0.035696833353664623 0.09210118361630204</Translation>
</Transform>
</Instance>
<Instance name="Pieza Correa-104" uid="Pieza Correa-104" entityUid="Pieza Correa*:*Default">
<Transform>
<Rotation>-0.99612970641235377 0.087895437895478434 -3.6812109260609299e-15 -0.087895355416213822 -0.99612877166479896 0.001369948114476819 0.00012041218941235812 0.0013646460130742753 0.99999906162064167</Rotation>
<Translation>-0.38848510016466942 0.028370157791306423 0.092111220791092449</Translation>
</Transform>
</Instance>
<Instance name="Pieza Correa-98" uid="Pieza Correa-98" entityUid="Pieza Correa*:*Default">
<Transform>
<Rotation>-0.99612970641235377 0.087895437895478434 -3.6812109260609299e-15 -0.087895355416213822 -0.99612877166479896 0.001369948114476819 0.00012041218941235812 0.0013646460130742753 0.99999906162064167</Rotation>
<Translation>-0.26393382309745894 0.039360171134843691 0.092096165028906801</Translation>
</Transform>
</Instance>
<Instance name="Pieza Correa-99" uid="Pieza Correa-99" entityUid="Pieza Correa*:*Default">
<Transform>
<Rotation>-0.99612970641235377 0.087895437895478434 -3.6812109260609299e-15 -0.087895355416213822 -0.99612877166479896 0.001369948114476819 0.00012041218941235812 0.0013646460130742753 0.99999906162064167</Rotation>
<Translation>-0.28469236927532737 0.037528502244254157 0.092098674322604421</Translation>
</Transform>
</Instance>
<Instance name="Pieza Correa-101" uid="Pieza Correa-101" entityUid="Pieza Correa*:*Default">
<Transform>
<Rotation>-0.99612970641235377 0.087895437895478434 -3.6812109260609299e-15 -0.087895355416213822 -0.99612877166479896 0.001369948114476819 0.00012041218941235812 0.0013646460130742753 0.99999906162064167</Rotation>
<Translation>-0.32620946163106407 0.033865164463075074 0.092103692909999618</Translation>
</Transform>
</Instance>
<Instance name="Pieza Correa-102" uid="Pieza Correa-102" entityUid="Pieza Correa*:*Default">
<Transform>
<Rotation>-0.99612970641235377 0.087895437895478434 -3.6812109260609299e-15 -0.087895355416213822 -0.99612877166479896 0.001369948114476819 0.00012041218941235812 0.0013646460130742753 0.99999906162064167</Rotation>
<Translation>-0.34696800780893255 0.032033495572485519 0.09210620220369721</Translation>
</Transform>
</Instance>
<Instance name="Pieza Correa-103" uid="Pieza Correa-103" entityUid="Pieza Correa*:*Default">
<Transform>
<Rotation>-0.99612970641235377 0.087895437895478434 -3.6812109260609299e-15 -0.087895355416213822 -0.99612877166479896 0.001369948114476819 0.00012041218941235812 0.0013646460130742753 0.99999906162064167</Rotation>
<Translation>-0.36772655398680099 0.030201826681895971 0.092108711497394816</Translation>
</Transform>
</Instance>
<Instance name="Pieza Correa-130" uid="Pieza Correa-130" entityUid="Pieza Correa*:*Default">
<Transform>
<Rotation>0.99894129918089825 0.046003051972441616 -3.6811645311857211e-15 -0.046003008804127214 0.99894036179500267 0.0013699481144768195 6.3021794313502795e-05 -0.0013684977492857265 0.99999906162064145</Rotation>
<Translation>-0.17194590242726704 -0.10678748418810212 0.092296379921629548</Translation>
</Transform>
</Instance>
<Instance name="Pieza Correa-132" uid="Pieza Correa-132" entityUid="Pieza Correa*:*Default">
<Transform>
<Rotation>0.89944747285362847 -0.43702888185704775 -3.6813000564572818e-15 0.43702847175816595 0.89944662883068582 0.0013699481144768197 -0.0005987068926686642 -0.0012321963695083775 0.99999906162064156</Rotation>
<Translation>-0.13291485273136103 -0.09899512960860557 0.092285704790148887</Translation>
</Transform>
</Instance>
<Instance name="Pieza Correa-122" uid="Pieza Correa-122" entityUid="Pieza Correa*:*Default">
<Transform>
<Rotation>0.99612970641236098 0.087895437895398484 -3.6810290059141604e-15 -0.087895355416133913 0.99612877166480596 0.0013699481144768201 0.00012041218941958262 -0.0013646460130736378 0.99999906162064178</Rotation>
<Translation>-0.33793883655741674 -0.092577663533482929 0.092276913186348897</Translation>
</Transform>
</Instance>
<Instance name="Pieza Correa-143" uid="Pieza Correa-143" entityUid="Pieza Correa*:*Default">
<Transform>
<Rotation>-0.99619989137884635 0.087096362821733872 -3.6812115415401431e-15 -0.087096281092304814 -0.99619895656543134 0.001369948114476819 0.00011931749802175609 0.0013647421628367833 0.99999906162064167</Rotation>
<Translation>-0.18086752620496332 0.046681290420214641 0.092086135465934749</Translation>
</Transform>
</Instance>
<Instance name="Pieza Correa-145" uid="Pieza Correa-145" entityUid="Pieza Correa*:*Default">
<Transform>
<Rotation>-0.99612970641235377 0.087895437895478434 -3.6812109260609299e-15 -0.087895355416213822 -0.99612877166479896 0.001369948114476819 0.00012041218941235812 0.0013646460130742753 0.99999906162064167</Rotation>
<Translation>-0.22238335217229263 0.043026454136112509 0.092091142406709098</Translation>
</Transform>
</Instance>
<Instance name="Pieza Correa-127" uid="Pieza Correa-127" entityUid="Pieza Correa*:*Default">
<Transform>
<Rotation>0.99612970641236076 0.087895437895398082 -3.6811103210770968e-15 -0.087895355416133455 0.99612877166480596 0.0013699481144768201 0.00012041218941958193 -0.0013646460130736385 0.99999906162064167</Rotation>
<Translation>-0.23414610566807378 -0.101736007986423 0.092289459654837661</Translation>
</Transform>
</Instance>
<Instance name="Pieza Correa-131" uid="Pieza Correa-131" entityUid="Pieza Correa*:*Default">
<Transform>
<Rotation>0.98171608705617108 -0.19035105572368177 -3.6812458463486575e-15 0.19035087710218024 0.98171516583405916 0.0013699481144768195 -0.00026077106987371594 -0.0013449001024148637 0.99999906162064145</Rotation>
<Translation>-0.15189912999487143 -0.10532650012948606 0.092294378447395103</Translation>
</Transform>
</Instance>
<Instance name="Pieza Correa-133" uid="Pieza Correa-133" entityUid="Pieza Correa*:*Default">
<Transform>
<Rotation>0.75612397414338028 -0.65442840381941003 -3.6809747959089337e-15 0.6544277897173042 0.75612326461225055 0.0013699481144768193 -0.00089653295786969178 -0.0010358506126908519 0.99999906162064156</Rotation>
<Translation>-0.11620795928713278 -0.087980900357078312 0.092270615853394258</Translation>
</Transform>
</Instance>
<Instance name="Pieza Correa-134" uid="Pieza Correa-134" entityUid="Pieza Correa*:*Default">
<Transform>
<Rotation>0.56153211132974978 -0.82745494617263216 -3.6811916362400332e-15 0.82745416970599051 0.56153158439960738 0.0013699481144768197 -0.0011335703433216484 -0.00076926985713742424 0.99999906162064156</Rotation>
<Translation>-0.10291107629481819 -0.073026762293200334 0.092250129440926032</Translation>
</Transform>
</Instance>
<Instance name="Pieza Correa-136" uid="Pieza Correa-136" entityUid="Pieza Correa*:*Default">
<Transform>
<Rotation>0.073901449530316937 -0.99726554926825683 -3.6812865039301257e-15 0.99726461345485051 0.073901380182722146 0.0013699481144768195 -0.0013662020588524663 -0.00010124115144483276 0.99999906162064145</Rotation>
<Translation>-0.089861334391015471 -0.035552963875880556 0.092198792233268226</Translation>
</Transform>
</Instance>
<Instance name="Pieza Correa-129" uid="Pieza Correa-129" entityUid="Pieza Correa*:*Default">
<Transform>
<Rotation>0.99612970641236076 0.087895437895398082 -3.6811103210770968e-15 -0.087895355416133455 0.99612877166480596 0.0013699481144768201 0.00012041218941958193 -0.0013646460130736385 0.99999906162064167</Rotation>
<Translation>-0.19262901331233673 -0.10539934576759863 0.092294478242233191</Translation>
</Transform>
</Instance>
<Instance name="Pieza Correa-128" uid="Pieza Correa-128" entityUid="Pieza Correa*:*Default">
<Transform>
<Rotation>0.99612970641236076 0.087895437895398082 -3.6811103210770968e-15 -0.087895355416133455 0.99612877166480596 0.0013699481144768201 0.00012041218941958193 -0.0013646460130736385 0.99999906162064167</Rotation>
<Translation>-0.21338755949020549 -0.10356767687701035 0.092291968948535419</Translation>
</Transform>
</Instance>
<Instance name="Pieza Correa-138" uid="Pieza Correa-138" entityUid="Pieza Correa*:*Default">
<Transform>
<Rotation>-0.433432765252042 -0.90118590646212848 -3.6813000564572818e-15 0.90118506080787575 -0.43343235852768175 0.0013699481144768193 -0.0012345779333524719 0.00059378039950619128 0.99999906162064156</Rotation>
<Translation>-0.097244940113937361 0.0034350276191763679 0.092145380657711967</Translation>
</Transform>
</Instance>
<Instance name="Pieza Correa-135" uid="Pieza Correa-135" entityUid="Pieza Correa*:*Default">
<Transform>
<Rotation>0.32886602560578304 -0.94437658653857814 -3.6816795272176517e-15 0.94437570035508267 0.32886571700469297 0.0013699481144768195 -0.0012937469240833692 -0.00045052939169760477 0.99999906162064156</Rotation>
<Translation>-0.093925787968119345 -0.055146668447598683 0.092225634617090144</Translation>
</Transform>
</Instance>
<Instance name="Pieza Correa-140" uid="Pieza Correa-140" entityUid="Pieza Correa*:*Default">
<Transform>
<Rotation>-0.82520543815688963 -0.56483270517587425 -3.6814084767779279e-15 0.56483217514852258 -0.8252046638011401 0.0013699481144768195 -0.00077379149945356782 0.0011304886340569693 0.99999906162064167</Rotation>
<Translation>-0.12309328165025624 0.03354226106441574 0.092104135271317611</Translation>
</Transform>
</Instance>
<Instance name="Pieza Correa-125" uid="Pieza Correa-125" entityUid="Pieza Correa*:*Default">
<Transform>
<Rotation>0.99612970641236076 0.087895437895398082 -3.6811103210770968e-15 -0.087895355416133455 0.99612877166480596 0.0013699481144768201 0.00012041218941958193 -0.0013646460130736385 0.99999906162064167</Rotation>
<Translation>-0.27566319802381112 -0.09807267020524664 0.092284441067442144</Translation>
</Transform>
</Instance>
<Instance name="Pieza Correa-126" uid="Pieza Correa-126" entityUid="Pieza Correa*:*Default">
<Transform>
<Rotation>0.99612970641236098 0.087895437895397194 -3.6811374261314089e-15 -0.087895355416132553 0.99612877166480607 0.0013699481144768203 0.00012041218941958071 -0.0013646460130736389 0.99999906162064156</Rotation>
<Translation>-0.25490465184594246 -0.099904339095834543 0.092286950361139916</Translation>
</Transform>
</Instance>
<Instance name="Pieza Correa-121" uid="Pieza Correa-121" entityUid="Pieza Correa*:*Default">
<Transform>
<Rotation>0.99612970641236087 0.087895437895399831 -3.6810832160227847e-15 -0.08789535541613526 0.99612877166480585 0.0013699481144768201 0.00012041218941958444 -0.0013646460130736378 0.99999906162064178</Rotation>
<Translation>-0.35869738273528573 -0.090745994642893901 0.092274403892651152</Translation>
</Transform>
</Instance>
<Instance name="Pieza Correa-123" uid="Pieza Correa-123" entityUid="Pieza Correa*:*Default">
<Transform>
<Rotation>0.99612970641236098 0.087895437895396319 -3.6810561109684725e-15 -0.087895355416131707 0.99612877166480618 0.0013699481144768203 0.00012041218941957953 -0.0013646460130736383 0.99999906162064178</Rotation>
<Translation>-0.31718029037954792 -0.094409332424071679 0.092279422480046683</Translation>
</Transform>
</Instance>
<Instance name="Pieza Correa-124" uid="Pieza Correa-124" entityUid="Pieza Correa*:*Default">
<Transform>
<Rotation>0.99612970641236065 0.0878954378953994 -3.6811103210770968e-15 -0.087895355416134774 0.99612877166480585 0.0013699481144768199 0.00012041218941958375 -0.0013646460130736381 0.99999906162064167</Rotation>
<Translation>-0.29642174420167966 -0.096241001314658764 0.092281931773744427</Translation>
</Transform>
</Instance>
<Instance name="Pieza Correa-137" uid="Pieza Correa-137" entityUid="Pieza Correa*:*Default">
<Transform>
<Rotation>-0.18607395354156614 -0.98253574174856939 -3.6817337372228784e-15 0.98253481975731027 -0.18607377893360902 0.0013699481144768197 -0.0013460229868152204 0.00025491166180389893 0.99999906162064167</Rotation>
<Translation>-0.090993302495011891 -0.015574183599373872 0.092171422315215495</Translation>
</Transform>
</Instance>
<Instance name="Pieza Correa-139" uid="Pieza Correa-139" entityUid="Pieza Correa*:*Default">
<Transform>
<Rotation>-0.65140302484253743 -0.75873190207476626 -3.6813000565606793e-15 0.75873119009641066 -0.65140241357938489 0.0013699481144768195 -0.0010394233386431346 0.0008923883456447378 0.99999906162064167</Rotation>
<Translation>-0.10819236010143736 0.020185765849467179 0.092122432993923628</Translation>
</Transform>
</Instance>
<Instance name="Pieza Correa-141" uid="Pieza Correa-141" entityUid="Pieza Correa*:*Default">
<Transform>
<Rotation>-0.94305547552466928 -0.33263549131585468 -3.6813000567674745e-15 0.33263517917757562 -0.94305459058087737 0.0013699481144768193 -0.00045569336413969704 0.0012919370705408366 0.99999906162064167</Rotation>
<Translation>-0.14093736003179713 0.04259888709259891 0.092091728151924152</Translation>
</Transform>
</Instance>
<Instance name="Pieza Correa-142" uid="Pieza Correa-142" entityUid="Pieza Correa*:*Default">
<Transform>
<Rotation>-0.99683435964543288 -0.079506348364644486 -3.6813000566640769e-15 0.079506273757528279 -0.99683342423664578 0.001369948114476819 -0.00010891957203475137 0.0013656113514416758 0.99999906162064167</Rotation>
<Translation>-0.16220854105194701 0.046883874135862147 0.091656312982811836</Translation>
</Transform>
</Instance>
<Instance name="Pieza Correa-144" uid="Pieza Correa-144" entityUid="Pieza Correa*:*Default">
<Transform>
<Rotation>-0.99612970641235377 0.087895437895478434 -3.6812109260609299e-15 -0.087895355416213822 -0.99612877166479896 0.001369948114476819 0.00012041218941235812 0.0013646460130742753 0.99999906162064167</Rotation>
<Translation>-0.20162480599442434 0.044858123026702057 0.09208863311301152</Translation>
</Transform>
</Instance>
</InstanceTree>
<Constraints>
<Concentric name="Concentric88">
<ConstraintGeometry geomType="cylinder">
<InstancePath>
<Uid>Eje reductora y soporte motor^Ensamblaje_Sim_v3-1</Uid>
<Uid>Reductora_NMRV030_reducer_Rotor-1</Uid>
</InstancePath>
<Position>0.0315 0 0</Position>
<Axis>-1 0 0</Axis>
</ConstraintGeometry>
<ConstraintGeometry geomType="cylinder">
<InstancePath>
<Uid>Motor y reductora^Ensamblaje_Sim_v3-1</Uid>
<Uid>Reductora_NMRV030_reducer_Body-1</Uid>
</InstancePath>
<Position>0.031500000000000007 0 0</Position>
<Axis>-1 0 0</Axis>
</ConstraintGeometry>
</Concentric>
